Data/morph/aspect.asc
ncols         220
nrows         290
xllcorner     442500
yllcorner     5798500
cellsize      50
NODATA_value  -9999
[rows 160 to 191 of 290, columns 72 to 143 of 220]
22.30934 34.33504 46.23416 218.7647 159.3504 116.8157 132.5885 262.9951 179.7256 226.8596 257.096 260.4266 234.4872 119.0024 115.1622 280.0753 293.8945 319.8785 156.3872 115.0434 143.2779 114.8564 148.0699 243.6474 222.5535 68.89946 343.7094 224.6145 194.4761 134.1294 149.7122 228.4681 20.3695 30.50534 190.5489 204.177 198.5116 179.8526 210.93 224.4535 217.802 210.0474 210.8084 226.1575 276.2302 295.315 -9999 -9999 -9999 -9999 -9999 -9999 -9999 -9999 -9999 -9999 -9999 -9999 -9999 -9999 -9999 -9999 -9999 -9999 -9999 -9999 -9999 -9999 -9999 -9999 -9999 -9999
16.1462 53.06784 82.30696 141.5082 167.8147 133.1438 28.68842 234.9693 129.3452 235.9378 258.6073 254.5611 221.0859 122.2386 147.4082 272.0561 247.5824 167.7583 185.8172 131.1767 19.38975 33.70988 17.83353 322.1497 193.9819 186.7809 194.7317 167.8733 172.5913 109.325 338.1487 312.7953 1.143355 19.12572 25.28564 351.3531 273.4015 264.8486 187.1314 197.0991 216.4036 239.9366 268.0705 303.2622 329.6699 355.6244 -9999 -9999 -9999 -9999 -9999 -9999 -9999 -9999 -9999 -9999 -9999 -9999 -9999 -9999 -9999 -9999 -9999 -9999 -9999 -9999 -9999 -9999 -9999 -9999 -9999 -9999
25.61032 76.25015 80.42584 70.07182 14.14777 1.289882 19.03156 17.5999 71.67914 270.6014 263.7505 262.2479 225.9955 132.1081 248.1272 267.1716 202.154 182.5132 211.0775 162.1662 277.8593 339.4073 32.11404 45.38382 93.11749 185.0844 213.0918 175.6771 155.3593 117.3942 261.1492 264.8609 193.405 59.93161 28.92802 13.18514 342.8241 324.0629 14.30767 1.024632 312.7686 298.7503 304.4687 309.3692 312.6517 349.1262 -9999 -9999 -9999 -9999 -9999 -9999 -9999 -9999 -9999 -9999 -9999 -9999 -9999 -9999 -9999 -9999 -9999 -9999 -9999 -9999 -9999 -9999 -9999 -9999 -9999 -9999
174.2197 155.7493 94.01682 33.85096 14.43233 356.8611 7.753521 29.61713 52.62926 307.1111 260.5397 256.654 201.238 147.9467 251.9544 254.7956 205.1757 224.9998 201.0886 180.3851 254.7549 254.8097 95.1424 86.15729 75.43272 39.92269 241.2847 173.4981 148.9272 140.9658 276.4489 281.1687 319.2967 344.1165 8.547659 19.26252 5.360223 350.1306 343.3512 327.8542 290.8846 264.2503 258.8101 267.0648 275.7436 271.956 63.21321 -9999 -9999 -9999 -9999 -9999 -9999 -9999 -9999 -9999 -9999 -9999 -9999 -9999 -9999 -9999 -9999 -9999 -9999 -9999 -9999 -9999 -9999 -9999 -9999 -9999
178.3781 193.8895 249.0252 4.468753 28.0434 350.9627 19.4187 71.24723 80.33462 322.7443 252.1916 235.3914 188.6997 176.5807 241.1589 257.0945 0.3106611 317.2938 245.6169 309.1295 285.4839 254.7523 124.301 101.6802 86.26983 94.16 140.6625 160.8288 168.7187 284.5543 299.5596 308.4511 336.401 347.3383 8.522352 11.43984 6.933315 18.46727 2.240879 238.8445 219.3939 233.9938 246.7818 259.3062 283.6139 342.7664 -9999 -9999 -9999 -9999 -9999 -9999 -9999 -9999 -9999 -9999 -9999 -9999 -9999 -9999 -9999 -9999 -9999 -9999 -9999 -9999 -9999 -9999 -9999 -9999 -9999 -9999
13.79053 274.4766 250.9088 245.5755 101.4064 163.5231 160.3541 123.6006 117.5315 242.5336 235.8426 219.0019 189.2607 191.7456 228.5822 231.3379 213.5624 138.6797 237.9309 268.2092 269.2511 207.0617 131.2639 125.5658 130.835 126.735 125.1418 143.2762 212.4581 265.8484 278.2202 276.1975 260.7851 210.3418 146.0695 334.7889 7.913061 37.75371 34.54575 42.70042 270.3445 262.7566 264.5219 265.2038 267.3215 -9999 -9999 -9999 -9999 -9999 -9999 -9999 -9999 -9999 -9999 -9999 -9999 -9999 -9999 -9999 -9999 -9999 -9999 -9999 -9999 -9999 -9999 -9999 -9999 -9999 -9999 -9999
357.495 5.558176 270.8814 243.2157 109.6328 124.0289 169.2059 143.9892 136.9525 301.2138 295.1343 277.0664 296.1843 286.2057 236.4337 224.6743 214.8751 201.247 217.8089 224.674 222.6396 168.8955 132.5044 129.1416 128.869 129.2219 116.2629 111.8462 248.6407 254.5728 246.4501 243.5087 220.2592 189.272 194.4208 218.2448 177.7756 136.1068 87.72971 70.17762 318.9565 291.4066 280.4209 270.5948 254.1067 190.6151 -9999 -9999 -9999 -9999 -9999 -9999 -9999 -9999 -9999 -9999 -9999 -9999 -9999 -9999 -9999 -9999 -9999 -9999 -9999 -9999 -9999 -9999 -9999 -9999 -9999 -9999
299.7992 5.278246 46.10931 245.52 143.2323 63.9565 45.17298 32.94974 318.4904 339.5815 9.344007 20.91953 306.6876 296.1511 305.2137 295.1589 224.8471 223.903 219.2386 221.4697 210.5325 164.7049 142.3689 135.0001 116.0522 116.7448 117.2725 108.9369 255.2083 266.1493 265.2807 256.8502 218.9202 194.3609 212.012 207.3205 182.0443 176.2263 132.5605 81.64304 303.6384 290.3934 273.4159 259.7399 247.8987 222.561 -9999 -9999 -9999 -9999 -9999 -9999 -9999 -9999 -9999 -9999 -9999 -9999 -9999 -9999 -9999 -9999 -9999 -9999 -9999 -9999 -9999 -9999 -9999 -9999 -9999 -9999
308.4007 353.791 50.60183 11.20151 322.3304 30.83009 24.19654 0.8307278 338.7982 332.6021 14.73574 23.32141 12.72039 353.3521 293.3347 340.4211 52.19654 241.6761 238.8123 213.5966 193.0943 168.8423 156.8188 155.756 119.0097 105.3649 108.6245 83.75851 258.1175 255.3578 265.0482 265.1431 224.201 208.7477 227.458 198.4067 195.6672 181.3997 130.0088 275.9032 275.0729 263.089 255.4307 249.4367 249.4325 -9999 -9999 -9999 -9999 -9999 -9999 -9999 -9999 -9999 -9999 -9999 -9999 -9999 -9999 -9999 -9999 -9999 -9999 -9999 -9999 -9999 -9999 -9999 -9999 -9999 -9999 -9999
299.8251 241.4657 48.8365 15.55589 335.1085 9.716125 15.63107 1.974607 0.5342432 334.8613 354.6879 22.24095 34.9658 13.22434 291.6089 280.384 86.13657 240.425 242.4036 202.4356 188.6742 179.9419 167.8382 180.5469 84.6998 85.56614 87.37904 27.27403 91.07417 235.9563 242.4268 237.964 230.8559 219.2951 233.8213 203.6521 213.1384 173.8657 154.7424 252.185 249.6069 244.7103 241.368 -9999 -9999 -9999 -9999 -9999 -9999 -9999 -9999 -9999 -9999 -9999 -9999 -9999 -9999 -9999 -9999 -9999 -9999 -9999 -9999 -9999 -9999 -9999 -9999 -9999 -9999 -9999 -9999 -9999
219.35 238.3581 172.464 105.7037 264.0443 284.0849 17.42804 69.07026 68.06376 10.7914 325.1249 82.0591 85.75728 48.80687 270.8045 225.9724 85.94546 39.58899 234.5963 213.8195 219.9419 219.6742 237.9483 299.3345 21.44047 60.11804 54.36313 353.8248 65.18784 220.0825 243.416 241.9705 231.527 203.0611 224.7346 223.1376 235.2319 145.3053 157.3584 243.7124 243.1785 234.5663 -9999 -9999 -9999 -9999 -9999 -9999 -9999 -9999 -9999 -9999 -9999 -9999 -9999 -9999 -9999 -9999 -9999 -9999 -9999 -9999 -9999 -9999 -9999 -9999 -9999 -9999 -9999 -9999 -9999 -9999
210.4274 231.6944 215.8662 154.0668 222.4601 242.2778 154.383 134.7741 166.7713 302.312 346.153 90.19391 95.08045 91.71429 229.8325 225.2402 318.6029 21.16374 19.66347 243.9338 237.6634 248.9906 302.679 297.5347 354.0683 58.16039 40.58689 5.597164 62.84246 94.66688 244.9307 240.8146 223.134 208.8582 231.2008 250.0991 275.9903 7.607822 6.775557 305.1905 253.6713 227.3692 -9999 -9999 -9999 -9999 -9999 -9999 -9999 -9999 -9999 -9999 -9999 -9999 -9999 -9999 -9999 -9999 -9999 -9999 -9999 -9999 -9999 -9999 -9999 -9999 -9999 -9999 -9999 -9999 -9999 -9999
249.9827 274.0512 245.7066 137.6317 171.2389 203.9885 182.0026 153.3577 231.7659 220.7542 187.0432 96.77869 81.72205 49.58121 18.33582 281.7175 286.3562 346.9999 18.48596 1.359737 315.5379 260.6317 279.9849 310.4178 358.8375 66.24099 36.88808 23.03675 71.1265 75.46983 259.8562 242.8094 231.9258 219.9807 240.9164 269.8291 305.9995 338.5924 352.8387 356.0941 329.0559 247.2032 -9999 -9999 -9999 -9999 -9999 -9999 -9999 -9999 -9999 -9999 -9999 -9999 -9999 -9999 -9999 -9999 -9999 -9999 -9999 -9999 -9999 -9999 -9999 -9999 -9999 -9999 -9999 -9999 -9999 -9999
292.7251 302.9544 173.4675 97.08842 100.6758 255.8932 225.1369 176.8022 226.3101 182.8118 191.0351 114.413 81.81161 108.4522 199.4714 286.7629 286.7823 297.0634 357.3679 6.741511 16.10685 59.64267 213.313 217.1875 196.2059 73.85405 15.95963 22.22891 67.1507 77.38036 256.979 249.4648 249.162 208.1917 228.5916 258.3244 305.1604 311.9091 335.4788 4.840062 4.156738 -9999 -9999 -9999 -9999 -9999 -9999 -9999 -9999 -9999 -9999 -9999 -9999 -9999 -9999 -9999 -9999 -9999 -9999 -9999 -9999 -9999 -9999 -9999 -9999 -9999 -9999 -9999 -9999 -9999 -9999 -9999
283.7789 189.3836 167.5022 52.04295 18.11187 339.8172 19.28627 152.8378 197.4548 206.4252 195.4126 178.8168 118.1107 127.0403 223.9632 261.1172 258.4049 253.2668 256.5868 143.2796 140.7798 112.9881 154.6952 200.1106 208.8658 220.4252 157.2175 143.7318 120.9393 118.8185 197.3369 228.7719 229.8554 201.3176 254.3388 267.8205 285.6794 311.124 330.5315 2.088385 359.2596 -9999 -9999 -9999 -9999 -9999 -9999 -9999 -9999 -9999 -9999 -9999 -9999 -9999 -9999 -9999 -9999 -9999 -9999 -9999 -9999 -9999 -9999 -9999 -9999 -9999 -9999 -9999 -9999 -9999 -9999 -9999
212.713 205.7533 187.7874 220.27 133.2377 128.616 137.2761 129.5256 199.3967 236.4995 191.6096 176.8647 89.9371 53.70514 316.3171 286.61 267.6576 268.1402 218.2402 130.6988 159.7072 292.4165 28.98944 60.35812 215.0067 204.9209 170.795 160.7573 146.7829 124.7002 169.1311 214.5099 214.3877 236.808 271.3299 269.608 246.5297 -9999 -9999 -9999 324.6405 -9999 -9999 -9999 -9999 -9999 -9999 -9999 -9999 -9999 -9999 -9999 -9999 -9999 -9999 -9999 -9999 -9999 -9999 -9999 -9999 -9999 -9999 -9999 -9999 -9999 -9999 -9999 -9999 -9999 -9999 -9999
246.465 249.4973 218.1945 221.3876 132.8826 123.145 131.1742 103.9092 253.3776 264.2178 274.7336 334.5431 10.15593 11.59105 340.4744 336.6023 318.3755 249.5764 168.5467 108.039 347.459 314.4209 4.918292 38.54009 40.37139 166.6881 176.3445 193.113 354.6831 27.36616 41.82451 334.9829 295.9969 279.4702 273.3041 257.7265 226.6909 -9999 -9999 -9999 -9999 -9999 -9999 -9999 -9999 -9999 -9999 -9999 -9999 -9999 -9999 -9999 -9999 -9999 -9999 -9999 -9999 -9999 -9999 -9999 -9999 -9999 -9999 -9999 -9999 -9999 -9999 -9999 -9999 -9999 -9999 -9999
304.2293 272.5832 186.9975 178.9286 149.251 138.1659 142.2298 78.00719 322.2571 287.9741 307.3199 331.2539 338.8403 341.3384 332.3259 351.656 357.5704 86.79095 294.7467 308.6385 346.5615 314.4168 316.1188 26.42741 45.08179 39.63936 350.1894 328.4059 355.7181 36.64346 20.44568 3.710176 332.9565 295.1291 290.6772 298.5045 257.8535 184.3345 -9999 -9999 -9999 -9999 -9999 -9999 -9999 -9999 -9999 -9999 -9999 -9999 -9999 -9999 -9999 -9999 -9999 -9999 -9999 -9999 -9999 -9999 -9999 -9999 -9999 -9999 -9999 -9999 -9999 -9999 -9999 -9999 -9999 -9999
282.1642 157.5773 167.6447 176.5623 150.3699 123.5759 339.8063 0.2660069 341.3498 290.105 242.0998 242.2779 298.1151 322.7359 320.0779 73.27212 130.7188 29.29386 335.4845 302.7773 21.12509 291.2505 258.3992 240.742 45.10351 31.81911 351.5715 332.9997 3.514923 21.33703 10.28988 6.39617 348.6637 312.7802 304.5511 322.9091 343.6743 325.7423 -9999 -9999 -9999 -9999 -9999 -9999 -9999 -9999 -9999 -9999 -9999 -9999 -9999 -9999 -9999 -9999 -9999 -9999 -9999 -9999 -9999 -9999 -9999 -9999 -9999 -9999 -9999 -9999 -9999 -9999 -9999 -9999 -9999 -9999
181.2218 164.753 169.9853 192.3968 180.3767 312.2934 310.7811 334.318 3.424843 155.22 181.188 229.7625 264.1541 278.733 147.4323 161.0179 219.293 297.1069 332.9317 240.1076 212.4946 237.3652 242.4523 249.3228 295.5909 17.63265 328.5102 322.2875 349.0373 5.486554 7.101717 1.262153 357.9835 336.184 323.8955 347.1262 0.4269286 354.1323 -9999 -9999 -9999 -9999 -9999 -9999 -9999 -9999 -9999 -9999 -9999 -9999 -9999 -9999 -9999 -9999 -9999 -9999 -9999 -9999 -9999 -9999 -9999 -9999 -9999 -9999 -9999 -9999 -9999 -9999 -9999 -9999 -9999 -9999
183.0765 185.192 198.8379 228.9794 249.1614 273.2 263.4408 252.853 342.861 60.45197 80.9875 237.2735 219.7668 198.3864 140.3376 118.5403 284.5229 290.4053 138.5343 143.8458 196.2109 227.6621 242.4659 248.8899 257.982 282.8542 281.1219 287.6487 307.1483 334.6411 346.0338 348.4906 14.49628 17.49646 310.5202 333.6084 13.4562 40.30794 82.21973 -9999 -9999 -9999 -9999 -9999 -9999 -9999 -9999 -9999 -9999 -9999 -9999 -9999 -9999 -9999 -9999 -9999 -9999 -9999 -9999 -9999 -9999 -9999 -9999 -9999 -9999 -9999 -9999 -9999 -9999 -9999 -9999 -9999
266.6128 291.6745 291.0629 295.3213 307.8751 317.9671 303.0882 278.4085 300.5585 13.97401 35.08477 6.122439 243.0915 247.6073 330.094 344.0468 306.2139 220.5244 155.6802 144.1655 222.7802 240.0949 221.0674 226.2314 248.0272 264.1841 261.1849 256.7454 266.0737 293.1308 300.4836 295.224 -9999 -9999 -9999 -9999 -9999 -9999 -9999 -9999 -9999 -9999 -9999 -9999 -9999 -9999 -9999 -9999 -9999 -9999 -9999 -9999 -9999 -9999 -9999 -9999 -9999 -9999 -9999 -9999 -9999 -9999 -9999 -9999 -9999 -9999 -9999 -9999 -9999 -9999 -9999 -9999
328.9153 342.0264 341.2892 323.3213 326.3002 349.3927 319.9247 279.7842 276.1342 286.0767 57.45819 43.26431 330.5221 307.5175 303.7231 278.9142 188.8967 188.0224 155.9262 174.0012 273.8376 245.7638 215.8313 223.0298 227.7384 220.9146 225.98 241.6688 249.8744 248.1376 224.9817 195.8154 -9999 -9999 -9999 -9999 -9999 -9999 -9999 -9999 -9999 -9999 -9999 -9999 -9999 -9999 -9999 -9999 -9999 -9999 -9999 -9999 -9999 -9999 -9999 -9999 -9999 -9999 -9999 -9999 -9999 -9999 -9999 -9999 -9999 -9999 -9999 -9999 -9999 -9999 -9999 -9999
313.5958 336.5301 340.1319 318.8828 329.7724 81.56725 252.8474 266.1439 256.7231 217.7393 135.807 95.67797 198.5238 216.4104 215.3177 217.9881 172.9398 165.8428 173.6599 219.5013 227.5493 194.1098 201.1989 215.9733 214.946 214.5945 228.4207 244.3585 230.8934 210.0866 196.1776 187.1912 155.4623 -9999 -9999 -9999 -9999 -9999 -9999 -9999 -9999 -9999 -9999 -9999 -9999 -9999 -9999 -9999 -9999 -9999 -9999 -9999 -9999 -9999 -9999 -9999 -9999 -9999 -9999 -9999 -9999 -9999 -9999 -9999 -9999 -9999 -9999 -9999 -9999 -9999 -9999 -9999
288.7959 260.4317 265.1372 272.6738 134.6207 140.8772 196.685 237.3718 226.5679 196.8812 162.0576 126.0429 126.8553 225.0436 248.712 239.3481 180.1643 165.4805 191.2833 225.8812 215.3186 193.2148 191.8809 204.6684 213.9474 230.1943 239.4085 235.5948 214.014 201.6211 199.3691 193.1118 187.841 165.6528 -9999 -9999 -9999 -9999 -9999 -9999 -9999 -9999 -9999 -9999 -9999 -9999 -9999 -9999 -9999 -9999 -9999 -9999 -9999 -9999 -9999 -9999 -9999 -9999 -9999 -9999 -9999 -9999 -9999 -9999 -9999 -9999 -9999 -9999 -9999 -9999 -9999 -9999
303.9347 205.3217 236.7646 207.5065 146.8814 153.3769 184.4427 215.8384 215.9073 198.7995 171.4045 146.1086 161.6443 299.4777 289.5319 254.0035 187.2222 187.3764 191.5415 211.4211 206.822 182.6175 191.1677 217.624 241.1786 259.1981 249.4204 222.4864 207.8296 210.5188 219.8488 208.6889 201.0346 205.5358 -9999 -9999 -9999 -9999 -9999 -9999 -9999 -9999 -9999 -9999 -9999 -9999 -9999 -9999 -9999 -9999 -9999 -9999 -9999 -9999 -9999 -9999 -9999 -9999 -9999 -9999 -9999 -9999 -9999 -9999 -9999 -9999 -9999 -9999 -9999 -9999 -9999 -9999
179.0368 156.6305 206.7164 175.5253 156.2216 158.6902 186.764 227.5957 217.4955 186.7663 171.5114 164.893 202.4206 231.5328 228.9444 211.6597 204.5833 212.207 209.7106 209.8063 212.696 207.2461 256.9877 274.5651 285.5929 289.934 288.3371 253.9091 233.6439 236.809 238.4502 230.7783 238.9925 258.1239 248.2968 -9999 -9999 -9999 -9999 -9999 -9999 -9999 -9999 -9999 -9999 -9999 -9999 -9999 -9999 -9999 -9999 -9999 -9999 -9999 -9999 -9999 -9999 -9999 -9999 -9999 -9999 -9999 -9999 -9999 -9999 -9999 -9999 -9999 -9999 -9999 -9999 -9999
173.9183 163.8233 164.5508 152.268 151.0356 162.7354 208.5011 231.7014 202.1082 176.4123 171.9378 191.5595 207.5051 200.5826 201.7902 203.2739 212.5069 224.5233 260.0316 326.4534 337.9215 308.8805 306.8174 300.714 287.8572 285.7379 294.4109 323.2854 282.1786 292.2897 311.5368 293.1801 258.1996 254.0336 -9999 -9999 -9999 -9999 -9999 -9999 -9999 -9999 -9999 -9999 -9999 -9999 -9999 -9999 -9999 -9999 -9999 -9999 -9999 -9999 -9999 -9999 -9999 -9999 -9999 -9999 -9999 -9999 -9999 -9999 -9999 -9999 -9999 -9999 -9999 -9999 -9999 -9999
174.9876 176.6356 167.6821 154.0739 147.0983 172.1072 278.0422 268.8556 240.5765 135.6194 135 289.8703 70.41859 145.9585 198.5744 214.2704 228.811 241.761 258.2578 278.4761 348.3884 278.3222 268.6507 282.4915 277.279 268.1232 -9999 -9999 -9999 -9999 -9999 46.88591 250.3143 -9999 -9999 -9999 -9999 -9999 -9999 -9999 -9999 -9999 -9999 -9999 -9999 -9999 -9999 -9999 -9999 -9999 -9999 -9999 -9999 -9999 -9999 -9999 -9999 -9999 -9999 -9999 -9999 -9999 -9999 -9999 -9999 -9999 -9999 -9999 -9999 -9999 -9999 -9999
164.6429 180.6763 184.2213 174.0388 206.8135 298.8295 312.2351 320.2906 343.2153 -9999 -9999 -9999 -9999 47.16743 342.1201 309.186 274.8752 262.9625 250.8531 -9999 -9999 -9999 -9999 -9999 -9999 -9999 -9999 -9999 -9999 -9999 -9999 -9999 -9999 -9999 -9999 -9999 -9999 -9999 -9999 -9999 -9999 -9999 -9999 -9999 -9999 -9999 -9999 -9999 -9999 -9999 -9999 -9999 -9999 -9999 -9999 -9999 -9999 -9999 -9999 -9999 -9999 -9999 -9999 -9999 -9999 -9999 -9999 -9999 -9999 -9999 -9999 -9999
159.2753 204.0973 244.8878 288.1954 290.6095 276.5699 257.7256 255.3172 278.957 -9999 -9999 -9999 -9999 11.13824 354.3241 345.1415 312.4362 272.0569 240.4612 -9999 -9999 -9999 -9999 -9999 -9999 -9999 -9999 -9999 -9999 -9999 -9999 -9999 -9999 -9999 -9999 -9999 -9999 -9999 -9999 -9999 -9999 -9999 -9999 -9999 -9999 -9999 -9999 -9999 -9999 -9999 -9999 -9999 -9999 -9999 -9999 -9999 -9999 -9999 -9999 -9999 -9999 -9999 -9999 -9999 -9999 -9999 -9999 -9999 -9999 -9999 -9999 -9999
182.89 271.2051 295.5087 330.811 329.9524 326.6246 311.891 282.1094 287.1834 -9999 -9999 -9999 -9999 -9999 346.0767 348.6099 324.1255 266.1858 -9999 -9999 -9999 -9999 -9999 -9999 -9999 -9999 -9999 -9999 -9999 -9999 -9999 -9999 -9999 -9999 -9999 -9999 -9999 -9999 -9999 -9999 -9999 -9999 -9999 -9999 -9999 -9999 -9999 -9999 -9999 -9999 -9999 -9999 -9999 -9999 -9999 -9999 -9999 -9999 -9999 -9999 -9999 -9999 -9999 -9999 -9999 -9999 -9999 -9999 -9999 -9999 -9999 -9999
