Data/morph/aspect.asc
ncols         220
nrows         290
xllcorner     442500
yllcorner     5798500
cellsize      50
NODATA_value  -9999
[rows 96 to 127 of 290, columns 72 to 143 of 220]
169.6602 174.2661 170.819 166.094 128.7222 131.2959 134.6585 128.6006 143.8511 143.3335 121.5853 122.1326 186.1402 197.7447 160.2315 174.2952 217.7966 197.1452 162.8986 213.3737 241.2464 200.8532 204.4583 168.7443 154.2973 133.2583 106.1182 216.0796 224.3051 160.5237 189.6685 181.3902 142.0335 164.5735 235.9927 218.2267 261.4704 276.8594 280.3142 207.6552 271.0861 282.105 324.5523 17.40438 49.76369 79.6924 180.2792 155.2576 323.2304 153.6786 197.7698 270.2651 336.5334 305.5456 351.7001 17.79278 54.74725 66.6955 20.06978 253.7203 249.9712 272.9009 283.7076 81.00947 239.9791 225.0502 202.2578 219.1311 192.2381 157.8804 280.2119 284.0762
99.23856 141.0495 171.2622 193.688 165.3465 157.7227 158.0294 142.2276 158.7407 166.1238 98.58924 102.361 178.5908 192.7095 149.603 177.5132 224.1037 215.7964 168.2005 247.3336 250.7903 183.7241 177.3336 147.2952 161.4334 144.7529 101.8104 149.6228 183.0814 176.6357 181.5704 168.77 144.3629 224.6809 240.1719 204.0529 251.4267 256.4831 203.2486 210.1669 263.7774 278.2771 300.6087 345.3224 35.89571 46.42941 27.88594 355.6452 103.1041 137.3092 275.1209 291.8741 110.8013 256.5634 266.7323 65.05836 59.01885 52.56543 39.53188 333.9185 265.0341 263.8455 260.2081 47.4195 10.86561 219.9201 257.5061 250.7171 197.9243 240.2205 277.4485 271.9971
59.22012 66.05608 111.971 166.6939 166.6463 166.441 168.5797 157.0876 184.5131 202.1297 114.9331 102.9089 159.356 200.2137 142.531 183.5239 250.5222 256.6824 126.289 248.7282 232.9571 165.7149 147.1315 141.7505 161.7087 171.0793 154.3676 127.8012 139.1265 201.6377 195.2021 165.5997 172.1386 240.8131 212.8781 179.8304 254.3765 259.801 263.22 278.719 270.588 250.4791 202.9494 184.4933 169.8887 98.8018 21.74384 35.85321 62.21757 346.3139 322.0226 351.9958 68.47155 272.566 238.9409 162.7391 42.56456 31.24952 41.01348 45.7158 259.1754 247.9398 255.9414 306.6517 13.49785 19.58306 303.5894 313.6681 185.614 270.9261 278.4999 261.1952
61.18725 65.89631 87.28049 112.865 141.0009 159.1802 170.5958 178.2131 259.1682 237.7103 114.4678 78.74672 34.19031 338.294 88.21804 300.2206 297.2738 323.1763 56.33087 268.1362 222.1171 154.0858 127.637 126.2448 141.0044 170.9529 177.929 147.0602 149.4291 200.6093 187.9911 173.5526 192.9039 239.0582 217.853 318.4603 291.2882 292.9313 325.6538 332.1078 305.9275 199.9651 166.3379 173.8938 199.0537 244.8169 351.5896 73.13279 40.15145 324.9798 326.3939 58.99677 78.58122 232.1324 188.0515 189.2283 260.6806 336.0514 48.62524 59.18873 51.69835 238.4975 244.7261 240.9573 220.1978 82.04049 235.7489 227.7827 330.9511 289.183 274.2413 249.898
86.71146 80.76688 76.57863 72.72567 78.05282 97.61115 220.6024 282.1493 294.853 312.0847 0.2468032 34.14156 28.96822 25.47328 17.3556 329.8622 318.7471 8.337996 33.25423 328.4682 92.21225 132.0588 126.914 118.4733 122.7824 151.197 170.5488 140.8918 137.2725 199.094 186.4455 177.3129 221.6619 244.1657 245.7003 284.7644 284.2075 284.9149 294.0056 310.2841 317.3044 84.87353 114.5325 167.9053 243.5964 252.1842 224.2237 81.92911 33.19604 305.2387 180.0847 121.9726 110.1102 167.5968 167.4253 223.9124 253.4066 250.6241 90.28393 80.83584 68.54882 290.5222 275.0198 269.7651 261.2849 93.74089 285.6419 289.8667 314.6644 288.5686 266.2642 253.8261
126.515 108.1182 94.18821 91.79917 93.89931 101.3641 195.2887 225.8566 229.0777 283.1922 329.4336 71.06339 105.8583 18.56121 348.2389 317.7644 291.1114 83.33466 92.94585 159.3987 132.3725 130.83 132.4784 125.039 120.1887 127.7505 117.7889 116.2643 113.9621 179.365 214.1481 200.349 255.076 239.8314 252.1516 253.9489 250.2152 255.2262 257.2474 234.3369 226.0562 98.7926 51.00378 351.4221 333.8934 281.2057 269.7311 34.61703 43.11013 36.00053 23.75938 64.36204 49.66674 26.25348 69.17029 204.3806 229.6213 224.4257 135.2085 86.46913 32.15058 332.2551 319.0467 324.4893 353.3084 28.65852 342.2877 325.7125 332.8732 325.2886 328.6037 299.0317
101.5438 108.4737 113.4728 112.8847 111.347 121.3795 163.6378 211.0233 251.9813 280.3828 277.7334 113.102 125.956 290.7669 342.1722 262.5291 210.9383 145.194 162.4469 162.3679 136.8316 128.3701 132.9284 139.4171 126.5638 129.627 123.373 103.8101 91.51727 344.6585 327.2624 223.3163 261.8417 245.1265 259.9669 267.2256 270.6935 264.1802 254.0442 164.2388 183.8947 177.293 257.7759 322.6456 9.230197 325.7949 279.3526 317.1756 44.18365 61.79295 326.4373 48.55134 33.79543 15.67892 70.55765 131.7194 201.8352 219.4343 181.3545 42.05744 352.5022 337.2441 316.3073 307.2513 7.478217 22.35697 332.474 331.3196 341.7845 345.28 2.050371 337.6227
73.08049 85.51437 91.34213 97.0358 106.4622 124.7712 147.8335 239.0743 265.1862 253.2722 145.3641 117.2 194.9867 266.5182 310.1015 91.61472 147.7797 140.2276 170.2632 185.8713 144.2038 101.3943 101.7676 131.0512 155.1304 155.6987 153.0092 128.3157 123.1468 264.6123 106.0725 143.8656 259.3422 279.6369 260.6214 266.3987 273.5716 265.6192 256.6625 116.5961 150.2364 242.2972 268.1896 239.6701 175.3542 318.4263 310.5422 267.5229 102.8791 103.1574 236.6354 121.749 161.8555 228.6524 80.3865 89.10627 170.2701 219.6162 222.8685 275.5809 312.9682 11.58718 194.9158 211.8441 224.5144 325.7369 324.9262 326.3391 340.2225 351.3373 13.53945 4.857545
77.44292 85.3366 85.10387 88.70322 96.95455 115.5422 136.5746 259.8008 291.7771 326.3579 51.84457 92.99697 220.27 236.1334 184.6427 152.9773 148.5482 139.2321 168.1125 191.4159 178.0694 122.1572 95.2548 87.92188 349.0766 33.33814 99.60123 149.5824 166.5746 204.4828 173.6272 167.2745 259.0744 275.5651 270.8224 263.798 263.7081 265.8006 264.7618 102.0291 83.59573 286.9702 310.7428 181.3521 223.5401 254.7725 265.3648 225.1665 116.1004 91.69807 202.1051 125.0425 176.1132 238.6154 93.26889 83.88775 95.34157 235.6409 250.4039 264.2221 252.1198 127.0361 158.8036 240.5058 265.8138 285.8828 295.9388 297.3016 314.364 336.3087 30.58654 15.39879
92.57992 99.11947 101.4149 96.88692 100.9384 121.2376 141.8269 238.4793 249.1066 235.9614 111.2265 102.42 260.392 223.0087 169.5454 147.4426 142.5695 130.146 31.59581 111.7678 180.4046 145.6947 77.66699 345.9957 338.7105 22.89203 57.59203 129.2893 149.2381 196.8267 195.6903 221.5314 258.4423 261.3085 256.6365 255.1964 251.1097 247.5058 240.6628 121.9157 336.8803 284.8761 314.9422 86.17164 199.2779 223.9979 230.1693 309.9495 47.76622 75.53158 110.1107 103.1096 168.2617 244.69 138.4778 81.00439 58.45715 320.9219 291.7388 270.6268 208.3322 110.7543 340.1148 297.4681 278.2712 255.9714 258.6184 263.9388 218.69 166.3951 180.085 215.257
118.0402 123.063 129.7212 125.9533 113.0993 119.0002 176.1858 265.3743 244.9184 197.0155 148.2132 135.6252 325.3339 32.24033 86.75449 85.21864 33.10233 341.8704 5.3817 23.84406 358.3195 11.41038 60.19301 301.4828 307.612 41.28803 70.86553 53.07778 42.47289 23.96011 226.9423 246.3216 275.0555 280.1145 264.9664 254.606 246.2989 233.3357 226.7928 245.1836 318.5478 300.3829 86.45 116.7072 152.9094 231.2427 258.5858 297.7241 37.32643 62.23522 60.98097 79.23881 95.12154 226.0729 181.3218 97.82552 61.50888 310.4234 285.9858 275.1065 154.2747 93.75653 285.0227 282.0046 268.4758 258.2272 265.0995 266.675 153.1298 137.3105 184.3689 214.7911
116.532 123.5835 131.4104 142.9017 120.9041 73.98672 336.1648 298.5708 318.8645 20.33814 40.92761 317.9022 337.5957 48.37965 45.70164 31.46111 348.8076 321.058 8.816078 6.725209 3.18499 55.09869 78.3548 262.0841 243.4222 127.642 99.07586 91.84798 120.7464 138.1799 177.917 223.9847 256.2462 268.5401 277.8051 267.5713 255.8253 241.3661 243.7808 262.6281 285.6044 237.8148 148.8553 151.4205 126.5321 256.6508 260.8618 245.4869 136.0327 67.56861 63.73608 80.79763 7.977849 338.1655 18.06161 60.71741 49.68295 313.4738 282.0095 282.699 347.6764 27.82953 320.6703 257.6063 208.0284 231.4686 248.0606 243.9993 133.556 106.6395 162.5376 213.3728
117.9054 120.4215 122.7718 139.5999 162.3445 130.5782 301.4948 280.3298 272.4629 92.40996 42.65618 303.0682 356.6204 102.7046 125.4576 169.5246 287.4405 272.8613 134.8454 259.8592 85.22332 83.8114 77.72488 280.2491 218.7393 143.9975 124.7999 123.1983 141.3942 159.0707 186.0843 247.7449 263.3612 250.5697 236.519 262.5796 251.0896 237.6828 260.9955 270.9796 264.7596 123.524 120.5728 199.4359 279.7376 316.1422 285.8351 306.9811 70.67928 112.0267 77.674 33.73994 352.2109 4.435007 42.89189 39.06205 353.5032 351.0933 314.4446 287.1125 314.9063 0.7563536 9.215923 76.45683 182.3042 238.4895 253.298 245.5955 154.9028 78.39362 58.88941 268.8435
125.431 123.5768 124.122 127.4616 146.9616 189.2058 264.6591 287.3958 292.3257 47.82545 340.4783 319.2105 65.70619 96.46397 113.4237 243.7763 257.7448 248.9424 250.1033 137.8627 145.8814 112.5691 89.16611 211.059 151.4118 115.8971 136.3212 116.1299 118.7434 176.0169 239.5963 261.1031 250.6955 225.4415 227.0771 251.323 245.6834 278.3666 285.212 279.6899 254.5007 110.753 86.48871 182.7021 248.7092 278.4463 254.7657 199.2744 161.0292 155.7164 175.1284 320.9175 336.1966 31.78525 66.09507 28.54427 317.8901 83.63614 280.6029 284.7071 288.796 318.3463 38.03079 59.43587 37.96494 273.028 263.5527 260.8653 274.7406 43.66721 24.22369 5.024743
116.1878 117.0093 130.6219 127.2387 125.8768 236.0579 271.9409 282.3409 302.908 355.0995 329.183 344.8386 63.05962 59.60406 26.90069 359.1995 301.2295 239.1642 245.1847 57.55517 77.39099 112.495 104.605 114.1112 141.9482 129.6527 89.35029 100.4156 98.29741 220.1017 253.1648 250.0604 220.1616 216.0652 232.5054 240.1485 255.5331 283.3359 288.2157 284.2444 244.8096 253.6935 80.13448 62.09749 260.9312 208.4625 194.8006 196.6625 178.0144 159.0366 198.3114 209.6674 214.8167 156.0214 58.36926 35.07272 70.65948 135.7098 261.493 269.6411 263.1053 234.0276 132.2242 78.66868 43.97821 281.6878 255.5254 253.0316 246.3098 126.5172 102.0533 3.848199
117.381 122.6268 133.7077 131.1243 131.2418 266.4731 266.9843 250.8614 221.3713 229.8869 258.2021 154.2478 106.8881 77.17444 66.91052 103.0824 231.6293 159.4009 207.4744 221.7572 79.12887 83.07813 93.53133 81.7037 85.44003 26.56778 80.32347 88.8049 82.36786 340.1819 297.6459 265.3992 230.24 258.3148 256.4918 240.5597 265.2654 272.455 272.1085 261.9617 261.132 279.1687 73.42546 41.21638 303.3205 297.2464 305.6159 317.3218 71.04519 134.9109 192.6786 206.317 225.8834 237.6139 75.126 70.77771 81.66377 76.94175 264.1792 270.3416 292.1581 334.9352 84.52728 107.4905 110.9261 246.3823 250.3718 247.9341 243.9512 131.9727 140.1323 217.4397
123.0379 136.8938 137.9565 129.9128 192.7822 281.4683 287.3873 290.3957 248.4312 244.4796 239.5237 148.8232 109.6019 103.1722 98.16887 106.1081 277.2518 45.43733 332.49 291.6185 55.68275 78.37996 55.10407 79.63533 87.3684 195.2549 106.4489 92.79448 86.2645 299.743 254.0031 219.7205 240.4053 272.6078 269.0548 246.1087 270.1058 272.7789 265.5833 242.7679 267.4927 205.988 132.2548 154.0832 313.3751 328.4987 331.4046 197.9742 122.3099 52.13842 6.78513 295.833 254.5833 250.4675 245.3233 46.14366 32.12408 17.59106 323.7158 283.5157 286.8181 357.9633 63.60943 96.57643 144.536 234.8521 271.6104 268.5581 263.3962 324.3271 45.20608 326.6172
120.2185 133.3533 142.6012 139.888 264.4377 289.8642 303.1187 327.0587 357.9912 325.1159 319.1728 18.28974 30.07352 11.25843 38.62952 14.24294 343.3869 1.460802 346.5285 338.9403 54.1786 83.56133 98.85311 105.7079 94.66388 180.9967 106.4031 85.10609 82.16166 161.3498 208.927 223.1792 254.596 262.7449 263.0172 263.2761 265.3877 264.1992 255.8768 230.863 233.8742 161.2166 113.5064 313.9613 194.2334 228.9828 186.1911 147.4503 303.5508 339.0673 19.21161 45.84124 237.8732 242.444 243.8884 330.1326 20.85866 19.66809 351.0451 292.3534 260.2013 215.3779 78.56316 76.26607 78.67625 260.0018 262.4709 262.3174 250.5299 239.6618 14.10226 52.30918
119.4853 127.3612 135.6877 145.8883 258.3324 267.3436 266.0936 260.9367 287.2874 294.8521 307.3331 1.558406 13.34851 3.005991 18.66899 4.587893 355.4773 358.3888 350.6901 19.11219 46.11182 75.06764 93.53095 134.6085 104.8311 178.4799 107.194 92.86129 80.28323 55.85121 303.1426 319.5309 257.8911 252.3424 248.5222 280.4971 272.6282 274.0272 283.547 287.1481 228.6301 257.254 320.9114 46.42505 115.0668 253.6505 275.3646 347.6525 323.8178 282.9107 111.2941 114.4344 202.6216 255.2146 259.8031 263.8242 330.1623 1.950989 354.0938 340.4614 318.6723 112.3889 143.184 120.6324 104.7597 243.3416 245.1948 248.0882 250.9377 263.4395 295.1037 35.67751
122.5374 123.3361 128.0488 131.769 275.1848 274.7786 272.5501 269.9729 264.1169 269.5724 274.1711 305.3308 342.1795 349.4523 16.45749 3.428547 347.1347 1.306406 10.57558 38.68359 58.39431 85.82469 93.00778 108.9882 100.0238 144.878 134.9993 118.6669 78.03168 22.57887 343.0483 21.34377 187.1236 257.5205 263.878 273.6783 281.0344 278.4002 283.5115 341.6018 6.048162 274.0641 268.187 77.43931 58.64524 288.6418 304.6402 328.3723 4.463077 353.7242 85.44815 101.7574 247.9505 278.4415 300.2886 322.215 334.5067 340.4913 354.0966 354.8728 16.83167 99.01448 134.5858 143.6057 157.9484 255.621 274.7787 268.346 265.9448 268.6542 265.3354 357.9107
132.4157 134.7469 120.5015 280.5919 281.7292 285.0423 293.5177 317.9186 337.1346 312.6649 319.832 339.2259 317.5005 327.8344 12.95163 1.744862 344.0325 3.795536 23.036 29.23471 63.65432 83.33364 80.81253 79.67795 86.54124 73.56595 116.4894 118.9599 83.92911 41.30692 59.62609 117.0315 154.7405 256.6339 262.6656 273.8778 276.6765 272.47 265.2697 276.4423 31.42106 306.7715 258.7063 103.8758 100.0637 255.5459 278.3609 309.7545 5.024951 1.563039 44.63719 60.52969 314.6504 304.2038 316.9559 322.5661 313.1682 315.3177 349.0007 359.1383 57.84891 69.48957 38.7215 26.37604 359.1647 334.9736 310.2268 278.9693 261.5939 251.0688 240.0489 198.9384
132.8869 164.4295 156.6109 258.9997 273.8762 275.4203 280.2475 299.869 323.3218 301.0762 316.6441 358.583 323.2438 303.3637 359.9696 352.6128 351.6184 1.444821 2.256898 21.27113 61.19824 66.608 55.77102 57.59685 59.98933 74.47581 89.87795 134.5819 144.6252 185.8411 144.4552 70.59457 19.40309 271.3076 248.7116 269.9999 275.7098 275.7878 273.878 259.0052 218.5545 338.683 247.9191 142.7331 121.3371 254.3083 270.5698 291.6122 347.0746 357.2318 55.13919 54.91425 321.4424 309.2683 330.4564 337.7367 320.7522 311.8394 341.3758 113.1261 94.17894 57.13811 1.800747 5.943099 5.770247 359.7374 344.6443 320.9897 290.4223 281.9354 274.0816 187.1862
141.0313 166.93 180.0626 270.0829 282.4909 284.248 278.5224 263.34 253.5943 265.6813 265.7744 323.2784 316.0772 302.3697 331.5348 328.4558 342.8859 355.5143 342.5807 40.98219 61.81455 49.80278 45.00818 58.38512 70.13129 92.64577 94.86845 126.3406 152.3522 300.6175 50.71146 52.12502 343.4147 324.1841 268.051 275.756 279.4443 278.3929 267.7785 221.7268 224.7423 211.7814 155.2855 157.0905 126.2302 260.8885 266.3585 264.2159 260.7043 312.984 62.20552 51.23209 319.0318 295.0794 313.9258 334.0828 324.2384 331.5066 18.74387 57.30432 44.5359 1.174555 344.2485 353.4053 14.14948 19.81822 4.965215 332.7529 319.4402 321.9224 324.5494 349.6519
139.6144 145.4232 197.7757 252.2933 251.9717 246.3478 234.4285 209.2578 215.0466 232.0959 219.9378 199.2352 217.0921 223.7178 211.6836 221.9034 217.9708 224.5122 278.0481 22.21656 28.71239 27.8538 41.76091 59.71102 67.72138 70.0295 87.17953 103.3623 226.7005 230.3433 139.0145 224.998 269.1129 264.8048 269.4722 274.0369 264.0351 245.6266 233.2966 207.2487 240.7538 198.9443 134.6242 169.3197 180 255.6927 254.8302 245.017 241.2287 254.2099 76.75309 54.24417 328.5287 301.5604 292.9682 243.4486 246.5999 267.3318 356.8352 32.21522 1.907194 348.8637 339.1633 317.6959 9.131319 25.60713 14.91728 337.5711 323.8463 328.1186 328.5049 334.0364
214.2148 21.59111 356.6194 278.8903 272.1512 268.0413 256.386 236.6232 257.9303 267.0325 261.286 238.4596 236.8691 236.7849 210.7222 201.1912 215.5213 250.0449 287.7296 324.1262 352.0083 23.93317 39.9256 48.53324 54.61137 59.23794 80.96973 67.85398 324.1958 144.6368 146.8574 250.7396 253.1565 279.7192 299.0701 276.5194 273.6887 276.677 280.1873 265.6308 233.6213 213.5216 29.20881 28.84691 67.39844 214.6207 236.4063 244.6571 237.8611 231.2355 130.3457 94.62058 278.1999 262.9607 207.5484 237.5421 259.3384 245.9442 198.9839 148.1978 162.4997 171.5781 188.591 222.9591 243.4852 17.95962 8.12463 350.2494 340.6394 314.8867 307.3261 179.4087
318.763 355.5364 353.9185 325.7281 315.2097 317.1527 334.3643 338.279 314.7404 311.2291 317.9009 336.2239 327.5085 317.4067 344.0392 348.7018 313.0216 300.5896 296.2104 283.7598 278.5627 26.77913 34.20606 63.85466 74.22448 71.497 61.43522 42.73329 356.5559 67.18799 143.0406 267.1205 296.4111 291.233 276.1447 275.7965 286.0735 295.3033 301.4482 85.46049 215.6162 256.6329 296.8025 18.94943 25.89879 16.48411 281.359 274.3535 263.2496 251.0785 142.2156 109.0282 253.5527 259.1914 210.0822 234.5073 224.9756 193.8769 171.0357 169.9493 162.0123 162.9379 235.5496 261.7647 256.5171 228.7185 255.3442 78.64294 137.3998 197.3336 171.6937 160.0853
309.6955 349.2244 343.5446 323.9769 293.5724 290.0066 322.8828 336.1227 327.2903 322.8186 312.6808 319.0675 313.3919 310.5076 332.6213 345.7942 322.9754 278.7639 252.7718 249.5929 233.6732 216.0396 229.5311 99.41609 106.3107 119.3223 101.1685 184.607 201.9761 93.44724 25.74116 296.7751 319.7835 284.5893 260.3742 261.2519 261.8073 267.8561 267.2261 110.2426 266.6969 284.9601 286.2936 308.2688 7.596162 8.507362 319.9575 305.4735 308.7732 287.4323 96.13856 87.64824 287.5556 288.8066 58.20757 203.4878 190.5491 163.6375 157.8153 170.1896 192.7945 268.6692 305.7971 291.0388 276.155 211.0981 206.5175 156.9144 160.7946 184.5743 180.4706 172.273
280.0352 285.8562 282.0266 296.1172 278.6066 270.1328 272.5544 289.4684 302.4502 305.6783 307.1952 304.6033 274.2264 258.8565 226.6369 201.7213 204.4633 218.4756 237.0174 237.9096 225.4855 227.093 248.5651 94.67902 101.5054 174.0812 353.7395 14.45097 38.05816 65.44035 336.1325 280.4305 214.5835 180.0011 255.3887 264.7746 264.04 259.899 200.1162 142.5392 274.3628 289.4122 319.1222 287.7113 106.8108 204.5001 274.4637 288.1262 286.2264 284.4952 97.96381 113.1743 253.3253 251.8874 133.2495 142.6888 151.6358 147.3179 133.9094 144.8076 233.3335 248.3919 262.311 279.4583 191.5686 185.6024 177.0669 134.6023 162.1238 220.3414 219.4564 220.1858
258.0134 198.6378 256.6698 284.3831 285.8841 273.3857 268.3958 259.1595 163.4841 175.1814 199.0233 212.1557 211.7924 174.1951 186.9617 211.042 221.8256 230.9993 241.9564 245.6416 247.2389 256.8346 261.2444 73.91251 61.7223 6.669104 323.9937 18.65193 51.89149 59.51163 211.5033 230.0334 193.7612 171.8094 240.9012 269.3262 271.2367 251.2059 177.3617 238.0044 286.7907 298.9724 17.97243 234.3653 139.983 196.2264 247.7995 237.6763 242.5142 234.057 123.3995 136.7344 209.3387 213.2207 183.4258 139.8849 136.186 183.6304 7.139319 20.60829 331.0213 262.0588 241.466 217.4979 170.345 209.9792 149.4139 110.826 253.9478 268.7433 172.9694 164.8762
328.7506 325.2067 300.5047 303.4145 300.8358 285.4049 276.711 185.5593 135.7847 158.1666 196.6683 216.9726 183.9421 158.7226 198.864 222.1367 210.3423 232.1108 247.3802 250.2789 252.2855 252.6847 242.2833 55.74495 63.02249 58.86053 291.2316 19.55883 66.62386 48.17224 7.101466 46.97763 212.3885 313.2848 304.7975 278.2357 267.164 278.886 341.7954 316.5308 297.063 297.62 61.87004 156.4328 123.4724 236.0135 264.506 251.6673 221.8958 192.0406 154.3015 150.2909 190.9238 201.3129 194.0679 156.2807 133.1712 235.7056 227.4551 128.5182 171.8828 196.7134 220.7732 196.1499 188.7563 222.4622 158.1718 140.8883 259.3044 156.3282 136.2068 140.6162
335.7733 328.2394 320.4285 317.9878 305.0247 266.7566 236.3809 137.2753 118.7467 133.4781 205.0176 221.7484 179.0084 158.8892 226.243 197.196 193.5597 202.5193 201.3716 220.7255 234.4236 235.9474 223.8542 123.473 98.5373 107.1685 254.8718 187.4082 85.32376 78.36024 46.85776 88.38819 208.5206 261.5767 293.3948 302.5901 289.1353 288.5403 312.9656 303.9944 281.7337 248.4338 320.8482 67.5267 90.2951 258.8226 254.7318 231.767 193.9747 173.9283 160.0289 154.2628 176.6842 196.4856 195.1157 172.3088 162.0175 199.8981 187.3389 173.6512 171.8742 184.2664 223.7654 208.6329 232.8834 235.5349 154.5347 201.1837 279.6913 33.36343 84.44534 102.5967
305.4284 293.7254 276.3119 202.6434 196.7312 212.4515 202.7715 126.5835 115.5555 112.8353 248.245 225.5501 185.9777 246.2646 221.6336 153.2493 194.3088 199.5161 198.0016 205.429 193.1595 190.46 209.1809 165.3557 76.73103 71.26363 229.443 193.1817 123.6663 113.9983 161.4749 117.6174 327.3329 299.632 264.4177 281.5462 295.9766 287.6884 251.4351 236.416 236.7076 238.9587 267.5123 96.00965 110.7476 199.8525 220.833 217.3531 193.445 172.0954 163.7924 113.8492 129.7478 188.2951 192.6223 175.6638 176.6952 187.4756 184.9651 199.6885 159.9643 204.1382 251.8275 259.7299 283.9263 299.4729 92.21306 273.3267 274.6627 98.9949 100.331 116.3925
