Data/morph/aspect.asc
ncols         220
nrows         290
xllcorner     442500
yllcorner     5798500
cellsize      50
NODATA_value  -9999
[rows 128 to 159 of 290, columns 72 to 143 of 220]
200.5337 199.5124 193.882 191.9453 250.9792 299.4502 101.1063 118.8534 125.8096 135.1553 252.4419 248.1092 217.6541 226.5145 169.3234 123.4514 202.3062 222.8972 219.073 208.7589 185.892 187.7331 217.7436 230.8887 53.5368 52.93148 55.88767 173.477 165.0211 131.4737 117.6127 131.329 232.2961 247.156 285.7336 292.2595 302.5527 281.6365 247.3515 261.5037 257.6838 251.6503 240.2841 112.8314 114.1893 185.0513 236.0868 237.8426 225.7392 229.1233 287.1317 45 75.3457 122.9782 189.5531 175.0373 191.0996 223.3595 210.3587 224.1717 178.386 201.0374 246.8998 254.6687 266.2034 278.3011 84.27795 197.8158 210.3485 175.6298 118.7312 103.3194
239.5173 276.7802 288.8313 303.6744 313.3536 316.9846 82.75206 95.46788 101.5541 247.1517 291.2331 290.6862 347.38 204.9747 168.7014 125.997 332.083 283.6951 286.5797 297.7332 29.29725 138.0013 239.7065 248.4088 212.8506 61.26863 60.27987 60.97796 175.8839 177.83 162.4437 163.1631 220.621 290.7011 294.9507 291.8965 316.7693 9.231601 311.6555 256.36 242.7945 251.0168 260.8049 91.18217 92.49142 280.2507 271.8065 261.0311 256.4077 256.7903 267.314 62.6298 91.78132 108.5989 194.1293 234.5625 302.4762 310.5207 155.3296 204.3988 209.0305 182.3812 254.7141 268.0562 270.6054 233.603 124.0265 149.2329 191.7147 188.7967 161.1403 96.91528
325.7262 348.6257 337.3942 301.3195 261.243 211.9412 102.2519 72.41991 37.07568 23.67188 318.3988 338.3692 12.38103 31.22485 351.8358 347.875 3.445354 339.7891 205.476 254.3368 6.691488 57.16727 288.3058 277.3312 268.3491 82.80295 74.09003 71.4052 68.43108 192.4117 186.6949 197.1152 261.3087 280.7429 287.0096 292.8638 327.4719 15.27419 15.9454 320.5074 258.2353 255.7116 260.9189 88.11491 89.77509 259.1919 268.0171 262.2559 247.7322 227.8865 235.2475 182.3708 88.94534 85.8612 304.6954 293.1386 284.7911 119.484 118.0512 257.396 265.0645 282.2992 264.7747 250.7493 229.0723 181.5524 134.4246 134.3799 179.7975 191.2181 183.2967 157.708
243.1528 176.1935 190.8095 199.0497 199.3868 195.4987 124.989 76.27879 11.88837 25.17768 324.1184 322.8531 16.02276 21.43252 349.8618 344.7109 14.01073 42.48954 80.5355 235.5259 210.9184 28.41191 300.6952 288.9985 305.429 92.32588 80.83198 78.62575 77.78857 140.2112 205.5526 223.0911 228.9802 283.3727 294.3969 296.9239 311.4178 89.33371 40.58097 0.07748883 329.3947 290.9091 289.7954 80.5389 85.0487 215.5224 251.8859 253.1309 242.7624 221.8013 228.0722 217.7576 82.74141 55.36676 350.5015 321.9331 201.8753 161.5034 27.49645 314.9998 294.558 312.2998 277.9849 240.9473 241.0065 162.8722 117.1563 139.3936 171.0538 180.5618 183.4088 224.6915
199.0504 171.2554 206.3307 252.2904 273.9292 192.1714 127.2924 288.2798 321.6146 23.79522 337.828 300.7198 13.59844 11.26558 349.7825 341.7732 33.67305 66.01691 75.57259 251.3291 248.1156 272.2766 284.1695 280.874 319.6116 70.89523 83.85133 85.54015 81.64555 57.13814 283.4221 192.78 245.4712 277.587 274.3217 233.9944 187.1747 172.0243 231.6083 309.1153 353.4647 312.5994 320.9452 66.96947 72.40517 59.77895 230.8352 223.1026 210.7198 214.3453 229.2711 244.6055 355.0318 14.43839 7.415791 36.87436 63.71891 203.6364 183.4166 201.4768 238.7119 282.6081 326.8688 269.8394 262.0099 133.6968 100.5378 110.9168 141.8674 158.2629 187.1449 238.9688
319.8442 346.172 342.2977 335.9632 357.1222 74.42016 35.45364 310.259 286.8047 3.598091 337.0413 308.8597 308.4696 313.6351 313.7589 304.5905 62.57868 80.55805 86.8728 294.7224 316.7439 306.8481 285.6703 289.4344 326.9344 97.10275 98.74489 90.65054 73.49023 39.55661 15.1136 61.35952 252.3876 259.9949 248.9642 207.6969 200.6526 206.9334 248.1914 270.4527 326.573 305.1753 313.8447 87.12181 82.54794 72.61819 129.2787 207.8519 205.5835 220.871 240.0909 256.6567 273.2608 323.2055 1.24051 36.81808 63.29026 143.8315 184.2417 192.2565 232.5698 257.3746 256.3859 158.1984 249.426 148.3981 116.2982 113.9637 67.70465 70.84009 126.0281 247.5061
334.3068 336.6604 334.6734 322.5013 110.9691 127.5571 292.3362 295.4876 254.4203 272.5591 293.8056 307.1346 308.4211 281.7171 265.6794 262.2113 67.94675 83.98354 86.51713 262.3598 246.6957 225.2554 219.7828 207.4141 213.9217 124.1512 103.3819 84.17947 66.37617 46.38871 27.68278 56.95198 250.1147 258.2387 259.0619 264.9753 293.8506 303.5547 294.3438 274.0543 264.9074 279.0268 18.88188 96.40555 95.90712 56.89676 14.89935 22.88708 186.6973 237.4364 246.7909 239.4414 236.2279 261.5211 306.8796 85.8102 109.895 151.976 193.7222 202.9958 238.8079 239.1553 211.1262 292.6084 300.0392 86.01172 105.1255 161.0986 173.8512 75.30622 53.74203 283.53
318.9183 247.909 196.2513 171.0995 124.6848 163.1098 232.4911 217.2317 262.0547 271.7892 262.9799 251.0854 244.3414 243.9459 247.1196 203.6248 152.162 84.81967 70.43277 237.0266 198.236 196.404 188.8024 205.6686 205.3248 172.9182 156.8699 80.73762 69.49439 68.35493 80.22866 95.35883 327.5289 290.6556 274.4244 249.4594 262.5658 281.8313 277.6774 257.1975 256.5238 268.5232 95.60627 91.60198 79.41069 351.4015 353.1885 35.26669 39.29043 285.197 235.4257 226.6581 246.2833 252.5769 203.1609 120.5836 120.3493 152.5186 197.4085 215.3467 235.8722 237.32 235.7534 266.656 281.1005 68.60325 65.66491 29.84793 8.987533 93.11994 336.8015 321.0828
186.0033 182.7792 178.0513 167.3817 117.6963 135.2953 226.7779 245.0199 261.5039 253.3784 253.8037 248.1984 248.1382 272.2445 264.8979 135.8426 133.129 74.33963 56.41484 44.77886 18.19297 285.7878 179.2932 220.8848 198.7741 188.2925 196.3416 166.804 142.1223 119.1834 123.2216 117.1289 302.7724 297.1209 244.7355 226.5645 222.5938 223.8551 234.8121 246.3621 267.1016 262.1268 130.6033 96.91123 53.04266 338.8742 49.97158 93.22697 52.93321 61.18275 213.3208 244.8352 256.1123 232.5932 163.5999 129.4312 101.95 348.6618 16.09238 346.6166 229.6552 206.9064 198.9324 215.203 220.5699 139.2876 92.49319 86.93175 99.7086 319.6235 322.2446 350.8263
209.9738 205.0205 156.3829 153.93 138.6419 85.62421 290.0859 280.6193 294.286 291.2186 283.1732 297.8945 319.0757 330.7636 345.5682 13.56457 18.35631 11.99362 38.55417 34.10045 12.02011 16.88595 34.9468 67.70081 181.4581 197.6806 197.1199 182.3895 180.4386 158.5436 130.6997 276.1227 272.446 249.0076 184.0123 192.9915 194.315 200.7672 199.098 208.8282 241.1874 259.3719 82.60157 52.88589 19.73843 18.71316 91.21441 136.305 141.1085 84.1329 121.0323 264.6822 261.6786 176.4323 137.7333 135.0108 313.0307 341.892 23.38102 28.172 17.07865 162.9828 190.6104 208.4817 202.3432 177.172 154.7165 150.6691 228.6439 295.4839 298.1026 357.2463
330.4777 340.4943 95.6817 129.7275 185.6975 292.757 300.1649 274.9079 241.8166 252.7408 268.7798 285.4974 296.5894 270.6728 308.037 345.2936 353.3841 5.318365 29.30839 29.44147 9.4699 27.06727 27.90743 7.116346 17.27799 33.82432 48.34336 197.7628 224.0967 201.628 118.1956 273.2231 227.5414 219.74 168.0827 153.0645 184.2158 192.8241 189.9728 206.6986 227.242 237.0159 313.9119 44.70661 45.41397 77.15171 97.2821 129.4365 234.2562 97.00262 131.0123 228.6524 203.6548 172.8783 135.303 323.524 311.2635 342.2994 35.09833 46.96221 54.74415 69.1583 99.29456 241.788 212.9671 163.3683 167.7737 171.9229 278.4308 272.2386 236.9662 206.9395
2.709591 118.2346 120.4871 125.6719 206.1928 226.278 246.2615 253.3019 241.3218 254.9048 264.064 273.3805 132.7887 216.7804 261.7354 301.132 332.7466 21.83249 47.05888 40.85031 24.62012 46.74858 39.64263 10.76513 24.01073 31.33946 26.33424 24.64489 337.9169 310.1847 346.763 241.7002 191.0082 205.6093 175.1121 143.6367 171.1763 266.523 270.4812 226.3859 231.1284 238.4773 239.5797 102.8822 114.4532 90.22974 76.87753 45.0864 136.7419 118.2241 134.3495 202.5751 189.3295 208.3779 278.1187 307.7866 313.0025 35.07545 330.9509 34.79546 52.80254 39.75539 14.76714 333.5809 356.3755 51.18987 85.09364 262.8665 273.7232 261.0016 229.5992 241.5165
127.3653 137.089 117.782 111.5329 195.3727 239.6083 263.6045 275.9822 293.5175 281.5241 277.8447 288.8496 43.64049 332.6358 283.197 290.2432 295.9913 119.6288 119.4455 124.4899 152.7712 167.2057 140.8706 158.8648 171.1922 78.29568 22.74495 11.51294 1.015067 358.5431 5.995715 15.9766 0.9867702 9.652866 41.5247 119.7471 302.4537 338.2862 340.1058 334.7265 270.8581 248.245 239.1138 152.1821 108.0996 65.21139 64.12598 77.95641 122.5593 126.5243 127.9693 172.0649 279.8878 276.5302 275.5576 269.1871 230.241 306.7929 306.206 358.4147 27.12377 14.76195 357.2039 342.8945 15.33467 58.38963 47.18262 307.8477 280.9881 266.5571 256.3775 268.031
161.8175 168.575 112.7342 65.8125 3.591576 293.7351 280.876 271.7408 258.0443 262.2772 265.4556 274.643 17.54072 337.257 290.4409 277.4773 143.2531 132.735 139.8994 138.945 151.1703 212.4975 37.29052 20.90508 12.50469 332.3769 340.8615 354.495 357.0591 1.638547 9.826193 16.18142 1.404344 13.24232 41.19407 44.13936 284.1153 318.0782 318.1204 333.5376 30.16179 238.4193 225.364 208.3793 210.0067 124.4826 117.2403 115.4325 114.009 90.68463 32.50829 334.0858 331.8447 312.591 281.752 237.8192 221.0258 273.9304 288.739 314.6782 23.40219 16.74458 347.6653 344.3445 60.78615 67.17521 33.90285 348.0806 293.0545 272.5793 282.5629 283.2435
328.8137 341.2439 7.731326 14.27414 359.4751 331.3948 311.2589 312.6107 259.2799 240.2825 238.7457 245.9605 262.7063 300.8966 271.9089 214.3722 139.7859 129.7321 118.1442 99.37029 333.3551 350.4097 353.5757 5.936271 7.385631 355.0998 345.8904 333.8434 335.9973 353.2975 21.97026 27.83684 4.670834 27.09472 60.29247 66.12812 295.5502 303.3534 308.0103 332.1248 33.13044 12.31677 216.9111 222.3397 230.0521 141.1325 116.433 122.7207 29.69612 9.04298 2.017338 336.8378 339.7563 342.9856 316.9038 288.5284 273.0443 279.3236 278.8621 274.1551 38.54206 36.8011 342.9814 138.6118 119.7533 104.103 51.6838 22.81946 311.9601 257.2782 254.5667 240.5372
336.4871 353.3359 18.93534 1.723499 346.9005 341.5554 330.0095 7.637239 278.4641 232.0002 229.8692 240.7928 247.6198 264.9301 241.4285 179.634 137.7727 130.1652 109.4063 334.4723 277.006 276.6505 318.8641 3.252583 345.5938 351.0999 359.3642 347.365 348.0002 328.2676 63.8208 84.66565 107.2906 87.45624 75.5154 56.46953 5.072792 316.5096 311.7113 340.1052 334.7058 15.55656 44.53814 229.0656 232.5575 194.2269 110.6279 134.3881 284.8159 345.0452 350.7452 341.393 358.7079 6.307555 12.43201 66.1895 -9999 -9999 -9999 -9999 -9999 -9999 -9999 132.0262 116.2845 118.4524 154.2598 164.1711 161.4414 232.2606 225.694 212.5587
298.3961 352.9755 67.68058 348.9731 310.6314 351.9041 14.50523 89.12659 172.2745 187.8977 211.6884 240.9998 247.5927 227.3218 189.6038 169.5809 141.7488 129.3394 135.0909 249.4961 274.8445 277.4137 275.6744 306.5296 293.8994 292.8792 327.3742 354.0685 18.4353 325.4426 71.32922 81.45759 97.24854 110.4727 76.59786 45.83606 11.35526 324.8603 339.4207 12.09817 314.9251 17.78222 59.71664 54.07663 229.9676 201.6261 129.8503 347.4772 305.5974 316.5759 336.3194 353.3095 31.95732 11.35034 -9999 -9999 -9999 -9999 -9999 -9999 -9999 -9999 -9999 -9999 108.2928 60.81781 41.12192 2.256932 1.020897 322.9508 235.0763 209.258
248.3486 186.0407 95.02279 323.626 303.0816 44.70183 94.45998 129.3521 174.6223 142.9299 181.5768 243.6734 243.5322 191.0459 170.3561 170.3842 155.459 138.2133 155.368 258.289 268.0829 262.3493 265.3416 297.5078 304.1381 303.2614 335.3181 65.29743 159.6478 301.6488 34.39708 67.57967 82.85379 119.6614 143.8434 137.2373 356.3841 313.4027 331.2792 43.89128 115.5452 184.2532 156.0784 61.95755 21.50236 279.5651 314.268 326.9229 313.5008 284.948 293.2423 1.867779 48.05754 40.10658 -9999 -9999 -9999 -9999 -9999 -9999 -9999 -9999 -9999 -9999 -9999 343.7551 2.823534 3.070752 5.603791 5.859554 38.00586 235.7131
217.9735 194.2439 247.9418 278.5556 253.5216 127.9167 91.97494 108.1389 241.7421 91.37029 122.4482 249.799 232.0868 174.9902 171.5062 176.1623 157.6061 167.1484 189.8943 217.2805 234.6172 250.8533 272.1304 297.224 309.9952 306.2852 15.88997 101.1326 190.8686 268.2585 22.2622 69.77792 70.22416 79.783 68.53575 315.4055 318.2186 291.2079 264.296 111.5308 114.7517 201.1811 227.4238 36.52736 353.971 341.3302 326.4181 282.8885 247.8 254.8341 259.3835 -9999 57.96175 64.60565 -9999 -9999 -9999 -9999 -9999 -9999 -9999 -9999 -9999 -9999 -9999 -9999 -9999 332.3158 27.56462 34.62362 50.42167 11.14061
212.6468 216.0949 223.1142 218.0878 209.5307 204.7947 93.37192 75.69481 274.3058 91.42028 74.90762 261.9814 224.2632 166.7677 180.0471 186.9274 129.4259 153.9943 217.5548 251.8824 266.7064 267.1968 294.2509 323.9767 340.3839 8.664583 148.708 139.6903 220.7841 258.9815 187.4575 97.52963 92.07564 68.37231 28.80318 343.9541 325.4307 288.7803 153.9407 96.03761 48.90333 348.841 349.1274 322.4314 321.7469 357.2645 35.09359 223.6587 242.6024 242.0246 -9999 -9999 110.7067 66.34843 -9999 -9999 -9999 -9999 -9999 -9999 -9999 -9999 -9999 -9999 -9999 -9999 -9999 -9999 -9999 38.69381 37.5526 355.866
220.3898 214.4207 214.6749 215.9733 230.3092 241.847 74.73164 52.74856 351.7011 23.33767 30.22727 310.1395 237.3068 145.5336 176.5106 191.073 109.7625 88.93809 248.332 268.8303 289.7547 259.265 253.3648 263.6598 132.8692 120.5156 144.5176 172.6854 254.7986 215.3869 154.5874 156.656 140.5402 109.4835 116.6228 235.0128 272.9605 264.968 79.39773 44.30659 10.25997 3.238617 5.725817 309.9335 312.15 11.7902 36.39614 15.49332 309.6579 -9999 -9999 -9999 -9999 -9999 -9999 -9999 -9999 -9999 -9999 -9999 -9999 -9999 -9999 -9999 -9999 -9999 -9999 -9999 -9999 -9999 16.3643 354.3688
224.4639 230.7888 241.0142 250.823 265.8874 264.6068 237.3044 30.87788 338.707 359.4784 47.52082 85.08323 170.4276 135.6157 160.9435 193.5843 188.0583 84.0433 276.6052 260.2777 244.717 235.1684 236.6117 204.8895 179.0547 150.8067 160.3395 247.675 270.6411 114.4621 105.2774 145.0766 198.7618 95.63077 110.5392 243.4672 242.9857 231.0562 293.7293 21.07276 34.4964 87.23502 323.7328 276.8404 276.6212 347.2048 36.36269 32.43216 -9999 -9999 -9999 -9999 -9999 -9999 -9999 -9999 -9999 -9999 -9999 -9999 -9999 -9999 -9999 -9999 -9999 -9999 -9999 -9999 -9999 -9999 -9999 -9999
113.9899 205.463 223.7682 227.6716 230.757 212.7193 192.2311 208.1477 253.0919 195.5986 111.9226 144.0493 181.2391 177.5096 167.2931 232.1528 259.6891 81.38084 323.3823 257.1757 240.1413 230.8226 226.8079 203.6406 189.283 168.6303 203.2741 253.9591 268.6678 12.94189 55.34513 24.54096 35.63156 98.86063 88.11813 279.5757 242.8519 226.0507 232.3943 172.2875 120.0661 97.65642 301.7429 252.3595 243.4428 233.806 96.74623 -9999 -9999 -9999 -9999 -9999 -9999 -9999 -9999 -9999 -9999 -9999 -9999 -9999 -9999 -9999 -9999 -9999 -9999 -9999 -9999 -9999 -9999 -9999 -9999 -9999
65.16426 43.36227 227.5583 216.6275 218.2753 202.8208 185.1822 162.1008 175.4585 178.5855 168.1536 141.0848 171.4195 219.3054 239.0954 296.9095 315.1343 77.029 125.9118 231.62 226.4397 212.2808 199.3575 221.6764 224.738 152.8452 203.8861 237.4578 219.5771 187.9892 126.8079 88.99104 100.4089 101.2965 69.4305 301.9079 261.0865 209.7591 226.2355 202.2554 102.9542 324.7201 324.2726 247.7959 237.6577 224.3864 190.3414 -9999 -9999 -9999 -9999 -9999 -9999 -9999 -9999 -9999 -9999 -9999 -9999 -9999 -9999 -9999 -9999 -9999 -9999 -9999 -9999 -9999 -9999 -9999 -9999 -9999
4.059217 4.738464 58.54805 185.7825 225.9217 186.8439 166.4806 166.3787 159.8792 168.711 254.6347 5.710644 18.95711 317.1688 231.0508 252.735 276.8067 97.73676 123.5094 213.5187 225.9306 218.6816 234.1006 257.7018 234.8686 137.0925 243.5963 245.0829 199.153 180.3232 170.3006 142.0215 123.4891 129.9787 153.4899 212.2493 229.8594 158.5341 253.2069 266.9745 37.71918 307.9694 343.439 14.54307 244.359 226.4798 233.7132 -9999 -9999 -9999 -9999 -9999 -9999 -9999 -9999 -9999 -9999 -9999 -9999 -9999 -9999 -9999 -9999 -9999 -9999 -9999 -9999 -9999 -9999 -9999 -9999 -9999
293.2969 303.7044 82.79301 102.7381 216.8079 179.6454 169.596 266.5579 338.8484 4.528255 340.2241 336.438 359.3997 19.05378 61.28275 210.1129 185.1732 154.2478 149.9763 202.4535 207.4901 210.8107 234.4983 235.8873 222.5149 198.959 235.4823 204.553 186.0941 186.0778 168.8156 130.9061 123.7582 146.9458 183.3402 203.8961 221.8766 287.9922 287.4356 268.569 238.6144 283.7512 327.6783 23.10767 -9999 -9999 -9999 -9999 -9999 -9999 -9999 -9999 -9999 -9999 -9999 -9999 -9999 -9999 -9999 -9999 -9999 -9999 -9999 -9999 -9999 -9999 -9999 -9999 -9999 -9999 -9999 -9999
230.2265 223.1996 76.06553 76.48991 155.1254 259.5349 323.9449 306.4539 259.1502 177.2216 283.5139 308.2721 346.2159 92.97237 102.0716 155.7718 179.4447 168.6543 157.3748 221.6838 201.3037 233.901 256.3277 242.398 222.3966 191.4679 184.1361 180.2393 189.9242 203.116 180.8899 119.5614 110.6504 132.668 188.7135 218.7421 243.2922 281.1964 288.6288 169.9816 229.5287 261.4641 237.0833 145.2792 -9999 -9999 -9999 -9999 -9999 -9999 -9999 -9999 -9999 -9999 -9999 -9999 -9999 -9999 -9999 -9999 -9999 -9999 -9999 -9999 -9999 -9999 -9999 -9999 -9999 -9999 -9999 -9999
168.3135 211.0291 89.00653 77.30082 64.5379 283.6921 274.6712 244.8606 266.0119 326.8056 308.6897 295.4736 111.6396 101.037 99.85863 84.66363 24.32054 30.8816 21.56222 282.284 209.2492 267.3944 271.0221 259.4206 229.6435 176.4457 182.0636 193.1185 214.7221 227.7007 182.3055 126.6446 118.4926 133.3103 194.4235 234.2847 249.0611 252.2377 206.6918 157.8729 263.3035 271.2805 207.3224 197.4124 -9999 -9999 -9999 -9999 -9999 -9999 -9999 -9999 -9999 -9999 -9999 -9999 -9999 -9999 -9999 -9999 -9999 -9999 -9999 -9999 -9999 -9999 -9999 -9999 -9999 -9999 -9999 -9999
155.2057 201.1528 204.925 106.1787 119.1992 211.0758 198.4911 220.997 249.6103 267.6261 262.0134 209.2364 138.7506 65.04507 61.70849 40.37366 346.2688 11.85494 1.821473 345.1604 15.86861 277.3881 256.3622 232.0946 211.1056 179.1383 195.8757 226.1643 241.6496 240.7043 165.405 119.0476 119.0236 138.749 205.979 237.6958 252.9141 227.8751 170.2643 218.3288 278.8253 287.6465 337.6016 336.8563 -9999 -9999 -9999 -9999 -9999 -9999 -9999 -9999 -9999 -9999 -9999 -9999 -9999 -9999 -9999 -9999 -9999 -9999 -9999 -9999 -9999 -9999 -9999 -9999 -9999 -9999 -9999 -9999
148.6958 195.0137 195.8692 131.9273 118.6462 170.2516 198.9704 219.1113 204.2555 205.8581 223.9351 187.8835 178.6125 133.8231 98.27142 76.64233 310.2399 349.9532 358.3828 351.6987 10.62917 355.8333 297.6986 237.4799 181.8148 196.085 226.1647 251.881 255.9371 238.7663 154.7239 122.0661 120.3513 147.5166 237.9361 276.0075 278.6482 158.0669 166.7645 261.8745 276.0586 284.6601 315.6521 338.5481 344.0017 -9999 -9999 -9999 -9999 -9999 -9999 -9999 -9999 -9999 -9999 -9999 -9999 -9999 -9999 -9999 -9999 -9999 -9999 -9999 -9999 -9999 -9999 -9999 -9999 -9999 -9999 -9999
126.2162 191.134 197.6113 152.9697 54.30972 71.77438 172.8554 209.7039 195.4411 218.8961 230.4345 211.8499 203.7717 120.6526 98.20618 15.03403 297.1877 316.198 339.8848 338.1574 10.87786 19.24955 334.0874 186.1339 134.5387 202.041 227.9534 220.4927 220.0168 176.8456 163.25 154.9182 159.4073 189.6049 233.0392 267.7698 219.0385 142.6015 200.0313 264.894 287.568 312.1522 321.1989 329.3392 335.7311 -9999 -9999 -9999 -9999 -9999 -9999 -9999 -9999 -9999 -9999 -9999 -9999 -9999 -9999 -9999 -9999 -9999 -9999 -9999 -9999 -9999 -9999 -9999 -9999 -9999 -9999 -9999
57.48965 28.53484 291.8804 288.3398 39.29304 83.15543 107.349 236.5512 219.2033 234.6058 240.4117 246.2004 263.0171 92.22958 81.28652 326.1585 298.6654 307.8781 298.0352 161.0072 179.2914 146.9748 166.131 214.1881 61.23758 26.88082 231.3086 214.1632 205.0218 152.4575 162.3234 168.5125 170.2716 192.3259 203.1956 209.8565 181.7828 153.0233 215.2224 255.8269 275.8122 303.713 314.5989 298.0251 248.6863 229.8416 -9999 -9999 -9999 -9999 -9999 -9999 -9999 -9999 -9999 -9999 -9999 -9999 -9999 -9999 -9999 -9999 -9999 -9999 -9999 -9999 -9999 -9999 -9999 -9999 -9999 -9999
