Data/morph/aspect.asc
ncols         220
nrows         290
xllcorner     442500
yllcorner     5798500
cellsize      50
NODATA_value  -9999
[rows 32 to 63 of 290, columns 72 to 143 of 220]
-9999 -9999 -9999 -9999 -9999 137.3699 129.6684 150.963 172.6397 74.21943 27.97901 234.0247 117.9259 90.12117 283.6252 260.8752 239.7282 183.203 149.3335 224.7634 235.6718 265.4362 286.325 294.4181 297.513 -9999 47.81018 89.85431 92.81109 94.2415 99.4268 126.0856 228.1965 255.3745 265.1696 249.2861 222.9556 219.8539 246.1761 285.2168 290.9557 306.4691 343.9979 352.6198 31.4385 89.03731 152.854 214.8752 199.2439 184.2182 175.3941 153.0488 179.0578 190.8196 160.6827 150.9015 161.1805 206.5316 222.2506 212.9025 193.6683 144.0874 123.4503 272.2576 264.8246 244.1432 357.9879 326.4773 313.2184 266.4278 240.9434 240.0117
-9999 -9999 -9999 -9999 356.9362 25.62945 34.18167 34.52418 27.27691 291.5259 77.11729 129.039 164.6883 194.188 242.2136 244.943 222.9555 179.2749 175.2725 220.0481 246.5435 268.4646 280.0013 286.0633 292.2049 305.7951 47.39297 77.31811 84.19016 88.11034 91.83431 99.32348 273.0592 275.1678 265.1196 213.0965 220.1273 249.5759 280.4864 290.7252 290.1059 305.3628 335.3734 357.2168 27.23011 56.19196 64.8027 189.9668 178.8715 180.0564 177.8177 153.4918 184.5239 202.9326 157.123 139.6031 156.0573 202.9648 216.3141 210.5151 198.8959 192.8125 308.8 298.9467 281.9544 248.0868 277.0798 304.7504 347.5436 321.4537 267.1826 268.6349
-9999 -9999 -9999 33.68998 354.4975 355.0063 17.09625 38.77053 55.53443 131.0327 162.6108 155.4682 200.1991 215.9815 216.7863 206.7483 178.2829 172.2178 195.3893 224.3741 255.4391 270.5222 279.6944 281.4106 277.5436 265.5054 53.08215 77.92018 80.98949 78.78857 73.97495 73.44375 276.565 263.4011 233.639 201.5697 246.4576 271.2733 279.3912 275.7747 284.2791 301.2504 326.6311 1.649068 32.81497 54.73948 55.06 75.03902 141.5355 187.3302 183.6121 163.9013 189.7711 192.5974 176.8502 148.3135 141.0985 192.0817 215.9626 227.3193 263.0499 308.499 316.2564 305.0156 278.7654 180.5939 230.0936 249.5306 239.8433 122.6846 224.1073 233.171
-9999 -9999 -9999 350.1488 314.2751 284.0125 47.82071 59.97658 63.12965 74.27705 139.183 182.9268 215.7693 198.5936 163.5402 172.3719 163.1383 171.6383 214.9578 229.0252 247.1238 264.4148 271.7616 268.5594 251.7501 227.9167 182.2737 102.2739 96.21413 94.11124 89.42314 80.4531 267.4813 244.1116 224.4505 229.8779 258.8243 270.8816 282.9171 294.8783 292.0234 293.6018 309.1565 15.52572 68.51556 81.30871 80.3604 88.99283 113.7467 187.4126 197.6305 177.1478 175.2891 179.61 191.5752 172.1613 145.1939 190.1236 235.0253 261.0025 275.9202 279.7278 281.4496 279.5766 130.0218 148.7574 214.1794 225.5134 197.847 168.0831 188.7003 201.9881
-9999 173.3721 302.4815 38.90266 340.9096 259.1879 131.899 95.68605 79.20657 67.55569 62.38824 101.9501 200.7642 179.5198 160.6236 171.517 166.1378 191.8095 250.1768 242.9563 250.4369 255.2101 253.2775 247.701 221.6582 208.1183 187.2935 113.1562 104.597 107.1812 106.5549 84.46633 248.6026 241.7522 243.399 234.1155 236.8785 253.4009 264.9054 284.0795 279.9125 271.626 253.9398 140.5021 122.6442 117.4002 114.3179 111.2719 120.5749 176.6524 201.5805 181.2048 179.55 186.9508 205.1148 183.4947 140.3254 212.7251 247.6573 247.4079 225.7371 209.9207 221.1103 206.8927 145.2777 142.4633 198.4421 212.1959 191.746 186.5962 197.3598 190.333
-9999 211.8253 212.5112 167.4505 169.8129 221.375 173.7763 98.07081 85.47861 71.56785 52.89442 44.09252 55.17657 132.8552 136.1071 263.9631 1.329731 308.8558 262.3244 240.4148 253.1919 254.4888 252.6882 244.6047 220.751 224.3692 197.7269 104.0419 97.87425 97.47235 97.51094 99.72601 138.4843 229.7808 217.3223 197.7477 213.8443 244.4545 255.0608 264.7236 267.9819 244.7612 194.8131 156.6233 140.9026 134.52 127.7705 121.8508 127.1996 170.215 197.8806 190.7952 219.0405 250.5382 209.7278 173.7579 149.7025 200.0682 220.0589 212.7772 192.6742 199.1314 210.4517 189.3703 158.1106 150.7596 185.9245 203.2069 190.4817 199.9445 209.4508 183.1488
164.2425 206.8818 193.5226 154.0608 174.571 221.4284 203.0272 101.4457 84.38533 72.69331 61.60121 54.54237 39.61363 53.62944 37.13092 312.3203 2.79617 30.96376 208.3679 214.2726 240.1073 251.0112 256.9893 256.5688 245.6283 247.3847 218.0724 92.84748 84.83484 74.24094 62.0757 65.95142 68.25475 192.1802 196.2475 190.3303 227.4827 255.2166 258.0965 251.0724 233.5453 202.0758 175.6567 162.7852 146.4761 122.5093 118.6018 122.8984 129.0717 173.0433 211.4329 242.1548 281.0203 318.6591 27.12554 75.47875 134.3809 175.0716 196.1842 194.6587 178.3418 194.0005 200 180.7668 160.1056 148.8151 176.626 203.119 198.4794 204.3347 204.3653 184.4253
187.4873 201.6321 184.1551 148.7311 193.9296 232.9218 190.4964 144.6264 121.0346 91.7976 75.47626 63.94815 61.19757 76.77634 48.77372 286.4373 46.09796 99.82233 164.4029 207.3221 241.042 250.0086 255.1618 259.4529 257.6195 244.3759 199.127 110.1018 83.92242 59.80059 51.66633 38.93196 10.49373 9.547606 0.3138832 5.717156 307.4027 274.9893 265.2926 234.5032 204.3792 188.956 176.1295 175.9016 172.2563 91.82397 95.51208 104.6737 107.7465 292.9584 310.5087 300.8204 293.9271 319.4706 31.55962 48.37648 51.2527 85.1132 152.4776 184.2456 164.3418 181.2535 192.1222 174.0655 162.7061 143.7706 151.0676 202.5527 210.7697 193.8565 191.9449 188.2976
156.8414 203.4485 186.4369 153.1931 206.3714 206.4676 169.7206 141.678 139.7197 86.94038 41.1228 36.04586 55.24625 72.32281 58.87147 267.4229 117.4194 102.1521 146.5087 241.1601 259.3774 261.6972 259.7859 254.1799 240.9587 224.4407 178.3456 128.7566 109.86 78.26363 71.65069 48.6601 336.1354 352.0671 4.334131 20.97995 6.25437 272.3535 255.5981 218.8734 206.8591 198.2123 192.1165 212.123 254.5295 78.89825 81.19808 74.15095 65.90792 284.6435 287.9743 296.9436 284.0811 278.1609 59.88342 59.90557 59.31449 84.15112 123.0574 167.2306 158.3892 173.6685 194.406 155.8972 164.0091 90.79258 88.8989 204.8881 223.0695 177.4801 175.5427 191.1382
94.9927 180.6873 192.4342 179.0409 193.7157 188.7937 177.9363 87.53928 53.04392 333.4615 356.8967 31.93144 53.48007 59.76295 53.43708 271.5349 114.5512 73.70156 1.286837 357.2302 283.9989 274.1262 267.6699 256.5387 221.708 186.317 175.8161 144.7277 148.7201 143.1395 121.5505 189.5142 303.794 331.9467 9.973162 38.74846 42.59372 278.6178 253.1202 241.3297 245.264 233.0531 248.6083 279.0214 289.8683 58.53241 67.71005 62.52916 64.82314 52.77763 261.2492 266.1258 258.2005 240.693 172.6322 59.71194 59.39595 75.65833 101.5821 147.7786 159.7997 193.394 225.594 332.8915 333.0178 2.194887 38.86111 26.76233 314.6496 89.36694 123.2589 177.8435
45.05238 46.9302 112.4852 196.749 180.0479 175.0337 225.6037 101.6152 31.2076 303.7872 326.3685 17.24529 26.54997 34.09279 33.46589 5.389298 28.18795 40.7935 19.34549 71.8228 258.7516 259.5941 255.3855 239.5281 186.8548 176.8232 178.1782 151.1295 160.8025 162.0845 152.1175 262.0231 287.174 308.9193 35.85441 65.43181 50.50715 340.2243 299.1056 304.97 323.7512 330.9374 326.8952 316.676 321.0919 33.71606 62.51429 67.59032 61.69447 14.47932 313.0237 278.3143 240.3018 217.8383 216.2818 162.5989 87.82532 89.26502 94.02705 116.8574 155.8454 212.5675 234.9902 245.6015 265.6823 295.5166 49.76177 60.86883 337.0925 58.9687 86.06961 120.4351
25.52308 32.64357 45.63228 109.5977 159.8274 171.3609 206.1765 177.9157 205.2166 272.4388 305.1322 338.5774 2.644896 25.75886 29.27751 20.65325 34.00757 54.18467 98.83311 141.5244 222.1051 241.9867 236.261 211.4594 172.9585 182.7597 176.3288 142.3845 157.4168 170.5638 195.9099 258.3748 263.1172 249.801 126.4284 117.4096 81.60115 328.9796 301.5702 304.8256 324.7496 335.4465 340.9984 340.5496 349.6429 38.9335 65.30477 73.66582 65.65839 347.3403 347.9681 349.9443 192.0917 205.6361 240.2784 224.7298 102.7853 101.0247 97.60612 101.1424 136.3725 216.9757 239.4878 242.5859 225.1172 238.5189 119.3038 78.68157 44.82372 109.4036 95.48733 93.85151
6.657224 28.09242 50.1075 81.03617 137.8201 172.5168 209.4923 182.098 220.9748 255.6392 269.7412 286.6101 331.638 29.42866 41.57238 51.6927 59.53011 65.69479 80.83702 107.8529 227.4143 242.5186 232.7098 215.799 173.8866 174.0431 173.428 138.193 141.7287 178.9346 225.4586 243.909 243.0614 215.0839 142.814 143.8964 312.8755 309.2376 299.9557 304.1437 316.725 328.4585 337.5266 346.56 12.40678 52.40478 61.88129 76.43581 81.10947 287.589 347.6049 66.31244 110.9273 226.4097 258.587 203.8681 115.0025 106.5835 97.81918 91.17421 102.2827 217.7319 241.7386 231.9554 213.95 246.5898 212.7382 68.31888 79.20741 114.1255 111.5288 94.26419
354.5353 20.22551 50.94295 66.19682 89.13803 189.1625 205.7376 219.3749 243.382 237.6294 239.5664 238.4772 241.2579 333.4748 74.53037 85.5004 74.01175 77.77405 85.01004 87.30144 209.2403 234.2596 225.7779 221.8084 194.4182 147.8338 161.4661 144.1674 128.8473 181.6131 236.3908 236.3018 234.6132 217.6522 173.4693 321.9043 325.8445 320.2385 315.1621 312.4114 316.7584 323.1555 321.927 335.2796 40.10626 59.82269 58.71634 76.98794 88.23361 251.972 258.6345 86.16999 87.6787 273.8578 244.6038 169.0505 143.3194 128.1428 116.8208 114.3747 115.5016 198.7208 233.884 216.4895 233.4424 265.5522 253.3326 112.5583 112.4374 116.4546 133.2099 121.3232
1.216761 32.32887 66.03254 76.17426 79.6208 111.9647 162.2655 249.5295 225.7961 218.0063 245.7074 252.7895 257.6592 262.8653 84.37751 78.91132 72.37476 86.59216 93.08728 101.554 148.3946 220.3681 221.2408 215.3127 196.4954 167.0251 149.965 142.8965 131.8321 168.0179 254.1295 250.8 248.869 254.7013 286.0618 319.4424 316.4922 311.5849 313.3761 306.1892 294.8075 258.9575 247.1056 266.4396 60.43681 65.27995 64.51091 80.04169 84.47707 246.0139 207.1608 133.5462 99.71907 184.7236 205.04 154.2521 145.1131 141.8238 125.2547 123.2686 133.3336 181.969 213.4092 222.4901 258.1635 278.0354 61.05318 112.5869 120.2412 120.7158 135.067 150.2431
20.96425 61.50606 78.49054 81.70483 79.5593 70.27451 112.0591 210.9705 184.1123 210.2018 264.7078 275.3689 284.2155 281.1341 76.31386 77.80205 92.01649 93.79394 89.3019 88.65603 90.43629 229.2813 234.2878 227.8625 212.002 197.6681 145.5353 135.5551 178.1906 306.5681 289.293 281.8815 275.6041 272.5804 275.1669 284.308 278.6101 272.5728 267.7903 255.2997 236.3724 228.858 254.5438 258.5757 93.25009 81.74892 82.51892 86.53165 81.76469 46.33221 167.3254 172.3161 165.5539 162.52 220.4668 118.0798 123.9017 136.8013 100.1135 84.6455 95.66389 165.7059 208.766 237.43 245.2589 230.4197 167.9514 120.1468 119.2939 120.8758 126.5442 164.0701
67.59287 82.48528 81.49617 79.19906 76.89166 79.28033 98.97997 138.2344 189.452 258.6788 275.0951 279.0576 282.8905 263.3802 96.00346 86.15018 89.46389 91.75082 79.29347 47.16061 37.57369 38.01464 249.3268 240.5257 220.923 206.6787 163.0412 149.9963 257.465 304.8281 305.8326 293.6195 290.6744 283.7735 278.7313 271.2554 251.2781 240.5295 237.2177 242.0541 248.7986 272.33 287.929 275.3092 127.2593 94.56705 96.76695 94.25871 93.57906 112.4717 122.2648 158.1988 150.1403 199.3312 236.8999 107.6341 91.73722 57.50186 54.38005 67.32125 65.87021 50.26891 301.7985 264.1469 231.9942 206.0469 180.6076 134.3275 100.3272 86.50647 101.9118 155.2317
106.651 87.72558 77.77248 74.67363 72.84129 68.58433 76.60484 74.05031 319.9998 302.2622 281.1147 274.6337 258.2048 167.1384 141.3161 118.6589 102.2517 89.14021 72.1183 33.07977 46.80241 70.87011 228.8446 228.8259 211.6812 202.7089 177.7352 264.5881 296.3942 306.5093 314.2226 305.8136 304.2702 308.3922 322.6345 348.6206 323.8531 296.7286 280.142 276.2748 281.3744 268.9486 257.3414 234.0595 158.5802 115.1948 112.108 106.6553 102.742 113.7588 158.6715 165.4208 125.706 213.1243 216.2595 159.6759 39.41601 29.61053 65.33148 82.089 77.80621 74.63284 283.1111 265.1949 217.1401 206.3997 190.118 141.2864 96.30729 86.54517 97.44414 132.8579
124.6263 90.02414 77.18756 75.37032 74.33875 58.3812 31.54521 21.16327 322.2644 289.0141 275.8622 269.5309 193.2446 152.2852 146.3777 142.5779 142.7432 142.2329 120.8431 112.6745 106.8084 107.2852 175.7312 213.6664 227.0875 234.9196 259.7574 289.1285 291.9481 292.8038 297.7308 302.0502 300.3134 304.1147 331.0009 11.55498 2.051011 302.0779 269.1125 264.532 273.9608 269.2362 229.8958 204.7634 159.4049 121.7323 105.816 94.647 89.84248 91.32182 119.817 173.9814 148.0583 211.7219 236.7327 250.4037 320.8264 77.00314 99.5552 109.1121 100.2094 64.21679 11.91095 215.0616 188.3141 202.5117 185.975 150.6422 150.5208 122.7157 108.3584 130.5089
153.3752 116.7847 99.02523 86.48254 78.58765 57.56089 24.82723 44.50057 303.2048 279.8807 283.7734 260.3045 147.6014 153.621 137.7467 96.52509 103.4076 144.8815 171.7603 166.3179 139.5422 124.5023 176.761 223.8907 246.2521 273.4115 313.0048 310.6436 274.8892 268.0101 284.4147 296.9423 295.588 291.5869 311.6317 27.7535 47.59131 286.6459 245.9394 252.646 242.8362 188.6644 196.7253 214.931 165.7182 88.93319 76.24388 76.77009 82.82748 85.46856 80.29768 67.01055 323.2487 325.3484 335.5676 280.9566 204.2717 118.7747 103.2103 101.5003 103.5385 103.3621 104.064 145.019 201.0225 216.9028 149.4521 145.1739 150.7684 129.7804 107.591 83.77818
168.9115 137.9329 121.2969 106.0238 94.13492 89.45139 118.9916 117.7391 208.7586 278.7656 277.384 177.205 116.8165 154.2178 302.8249 30.76938 57.19435 75.90905 143.0335 175.2641 137.9473 103.3643 337.4183 329.5982 245.137 247.9901 251.6826 259.0358 287.0722 287.945 278.3114 286.0163 290.5176 277.6971 244.4085 150.0917 100.1519 95.58412 242.8874 236.5815 216.3029 187.7393 202.5329 237.4835 254.4161 65.68866 72.23913 80.23051 81.00141 84.97525 99.13664 112.0387 295.1703 299.4964 109.8194 165.6564 191.1005 125.9605 90.81454 91.14189 105.0998 147.1078 145.1777 154.5486 259.1035 230.1432 123.7783 136.6689 160.3715 112.7343 16.41005 17.44825
175.2489 145.6565 123.4486 119.705 120.5078 133.5325 161.2752 148.1108 279.1391 282.601 260.2186 146.1183 116.0438 220.5394 280.1388 61.47546 83.02804 76.91015 57.61805 25.95896 51.42621 355.722 354.7274 48.56003 203.0617 234.37 233.4735 243.9692 281.6151 301.0531 272.1174 266.2496 269.0959 255.9196 190.7757 165.9152 158.8108 165.3834 213.8398 220.5865 206.3437 205.2498 232.5828 250.8745 250.3117 100.4732 90.15845 85.32108 78.46405 78.81445 85.3405 78.76524 254.6389 196.5768 148.1046 166.3525 202.3684 184.4943 100.9112 91.52794 87.14752 97.88466 125.7442 203.5946 243.1751 156.8792 107.1238 106.7012 183.6966 298.6773 327.5563 32.80443
179.1712 155.7719 103.765 100.2502 109.6134 130.3912 166.5287 215.5416 285.9307 300.8522 28.27583 126.0583 128.4504 267.0779 280.6824 94.77251 101.9005 98.3832 84.3548 51.83125 0.3684898 0.8910392 74.09788 97.14201 96.27961 262.681 265.3657 262.6802 257.7737 266.7712 282.1639 276.6044 276.1219 252.1846 159.7256 154.4884 164.7013 199.0305 246.5053 252.4581 199.6056 224.1866 240.2509 240.339 232.2111 151.9108 116.9134 116.585 104.7078 89.98861 67.65164 26.37137 227.9919 147.4023 122.3516 149.6082 217.8652 208.8027 126.897 101.1458 90.58134 90.2999 105.3741 193.2684 209.2446 169.5755 108.27 91.85648 149.4842 221.3596 203.4001 153.4406
181.008 184.3883 120.1765 102.5759 99.07786 101.8581 149.5739 280.0888 274.6067 247.2183 136.694 127.1732 151.6935 287.3312 273.6428 103.6304 99.79878 102.8282 107.7247 98.05432 156.7685 135.9734 116.0742 66.14984 37.66848 282.8969 264.7501 275.3108 286.1542 278.055 279.2601 279.6826 277.08 214.1167 118.2442 127.9782 157.4019 227.1505 245.8296 210.9436 159.9811 206.8143 215.1291 214.5325 214.1202 159.6227 126.051 127.8214 123.0898 93.87661 59.57355 40.79148 49.07447 99.89912 118.6596 143.8879 253.2347 256.9348 86.13036 80.19541 85.16146 92.16833 95.76482 149.399 201.3716 176.1179 140.9903 118.4321 124.2555 212.4463 179.1729 148.3362
171.5269 183.5819 146.9024 118.0277 104.1853 97.55668 230.8122 251.501 214.4047 184.0597 157.1665 154.6954 231.5759 255.4309 218.3059 121.8976 107.5496 104.1424 111.8135 148.2609 148.8025 172.4824 199.5982 31.97096 55.70782 222.319 246.5902 270.1192 297.5342 308.8719 283.4051 270.798 265.3 156.8734 96.1665 111.7793 153.847 224.7543 227.3435 200.492 161.5239 182.0131 196.5491 209.5828 213.1595 169.1532 121.7638 111.1956 45.49412 18.4669 26.20249 22.3267 24.87082 51.65866 64.55182 10.62884 307.9638 325.793 358.3816 24.23582 40.76549 62.10041 76.55557 83.97159 179.2645 164.9427 134.3748 91.20076 352.4661 346.8195 16.55674 53.03739
97.71973 150.8378 142.3303 120.8231 88.36556 73.26561 96.78735 203.0542 171.2712 161.4199 159.746 165.9957 234.3576 240.5871 192.3764 115.2715 104.0823 105.3117 122.2399 139.5378 138.0299 205.296 231.0152 167.3354 107.43 91.94209 238.1251 244.3976 246.1174 269.851 287.9159 279.7587 272.275 161.7837 109.4567 110.2128 143.0513 214.1068 215.3142 213.5005 201.5249 135.5679 174.0123 221.5674 230.4238 212.8985 72.75728 38.66439 340.9326 357.8738 21.04186 19.9642 24.87977 32.76108 34.11124 14.19331 319.6602 321.0224 347.6145 21.54352 43.30088 56.16295 66.59171 67.37677 23.31966 26.42966 46.60918 330.2536 325.9185 339.6486 36.58399 65.0155
-9999 99.58588 104.623 122.5469 127.4746 119.9601 152.1077 160.4704 155.6285 164.8844 178.8075 193.4301 253.2344 256.622 235.2197 85.94706 86.22125 89.61874 103.4388 123.5689 132.2051 206.4274 223.9584 199.8979 236.2403 56.40465 283.7744 258.7993 245.6302 234.3082 243.008 256.9302 239.8478 163.5155 128.2411 118.0192 136.6368 208.7242 213.0234 213.0357 211.0215 157.095 169.465 258.0193 267.4344 274.1803 359.8725 17.25863 332.8066 347.1656 37.55104 39.06747 45.96291 44.71999 46.52636 38.12782 313.2278 297.0311 326.0425 38.51263 56.48954 63.63813 68.9476 65.7186 18.23125 29.59678 86.01521 245.8361 276.9517 318.6809 67.98523 68.60069
-9999 -9999 97.07339 106.0054 136.3704 138.2101 159.9268 159.1354 165.4072 193.8234 205.0439 231.8361 250.8457 257.5313 270.8151 70.29899 79.94214 78.3071 80.79952 102.4566 115.3801 211.8325 234.0341 229.0999 238.7387 122.28 239.2717 273.2432 267.1541 248.8068 245.9773 240.7504 217.5512 157.7882 132.6481 120.4763 126.4626 209.7787 213.8199 212.3601 217.3339 191.4293 227.0127 276.7079 281.2505 261.3757 227.3063 162.975 233.0506 220.9456 101.832 93.12041 89.97503 77.88905 76.43205 76.01105 274.4204 251.557 213.7352 144.7744 90.41828 74.9307 71.64767 69.44231 84.434 132.77 108.6702 262.7841 273.0777 295.3763 68.75451 72.02084
-9999 -9999 156.0475 124.7308 140.6795 148.7842 147.9686 151.2882 181.3658 255.215 257.3551 237.0486 239.7638 248.1788 241.4329 119.8122 97.33191 92.33177 92.95557 100.1348 101.7191 332.3034 261.3463 239.4371 218.5959 157.3433 186.2227 242.0774 249.9378 265.6021 249.1621 234.7495 224.2902 149.78 126.4776 113.4069 105.9885 197.2663 208.9526 216.6389 223.8946 218.9118 248.9836 270.1191 262.8156 196.4096 193.062 187.2724 197.6329 219.4105 126.1499 87.41986 83.76611 81.11858 85.30553 94.73358 197.728 212.8085 190.0538 179.3731 156.008 85.28423 72.41575 77.31029 101.7227 134.6469 107.1426 252.2078 244.5592 207.9511 141.6897 98.61769
-9999 -9999 176.9167 97.21087 90.62332 113.8112 123.0764 77.88593 323.6825 226.5349 221.6458 207.9998 232.8163 239.918 217.8365 149.0509 109.0192 97.17136 91.16049 89.19891 73.76039 318.5432 310.7226 281.9519 218.6687 146.051 165.6294 228.3191 238.8861 242.4909 240.2107 253.3633 246.2895 136.934 109.9298 107.4122 110.2449 135.5369 181.2276 217.3601 228.4143 239.9268 254.9992 251.4879 212.9574 165.0537 178.689 194.7204 211.194 227.4255 191.0252 103.3934 93.19526 110.7118 120.7494 125.2418 167.937 195.0311 180.13 187.3622 196.4272 140.9343 95.72668 93.24498 102.354 134.3013 139.6002 175.8907 207.4782 204.2065 192.2798 112.7203
-9999 -9999 327.0264 72.17529 83.89014 96.91216 106.6165 286.1748 86.37244 179.4975 240.3595 233.5968 241.7482 241.2183 207.122 153.4064 108.2906 93.62196 84.43855 74.25384 47.90065 287.5221 297.9163 300.045 93.61002 107.6536 130.3404 238.4165 253.7985 263.1076 286.5372 295.2092 275.4154 96.41175 85.50955 95.83446 124.0595 156.7213 167.7229 217.0207 242.0933 249.1185 246.2393 229.6206 187.1832 155.7148 176.0273 212.4647 227.7101 221.7754 191.472 159.1362 135.3491 134.7624 144.9852 149.3734 168.4582 187.0937 179.5327 188.1791 198.5717 176.3734 125.8854 111.8184 114.1415 142.7253 152.4779 167.7033 242.374 251.1349 228.2269 205.2442
-9999 -9999 140.4443 115.3248 122.7877 126.8207 20.99953 323.6967 47.94031 55.85493 259.2416 237.3466 229.8713 237.0191 189.6574 154.8736 125.6667 110.0783 101.3522 82.21523 73.85073 215.8723 224.0024 229.4313 111.8254 77.14452 40.79259 307.2545 293.9473 290.2351 294.2484 312.3523 329.3181 18.34494 83.99142 99.45046 122.2366 163.97 188.4785 245.7762 256.8367 235.649 220.9442 211.3305 182.5466 156.5721 188.5045 228.538 223.3049 209.1283 188.2458 165.4665 138.8595 132.1748 145.1709 154.4196 168.0216 186.1614 181.9038 185.211 192.7738 183.9178 137.9419 118.9351 125.6154 146.8913 156.8447 197.0151 262.9597 301.6168 324.7166 288.5659
