Data/morph/dem.asc
ncols         220
nrows         290
xllcorner     442500
yllcorner     5798500
cellsize      50
NODATA_value  -9999
[rows 66 to 98 of 290, columns 75 to 149 of 220]
66.731 64.898 65.985 65.804 65.569 65.377 64.974 64.328 63.678 63.523 64.177 64.131 63.808 63.779 63.233 62.91 62.931 62.856 62.856 62.856 62.856 62.856 62.856 63.116 65.557 66.714 67.935 69.059 70.254 70.753 70.141 67.977 65.553 63.116 62.063 62.328 64.051 64.739 65.075 64.345 65.054 66.316 66.974 68.249 68.803 69.298 69.503 69.256 67.44 68.43 67.801 66.471 66.362 65.901 65.632 65.112 65.288 65.154 64.919 64.777 64.11 62.311 62.311 62.311 63.464 64.861 65.402 64.45 66.45 68.279 65.708 62.634 60.99 60.981 61.124
66.459 64.898 66.089 65.934 65.326 65.062 64.932 64.286 63.653 63.523 63.8 63.942 63.54 63.389 62.906 62.81 63.091 63.414 62.856 62.856 62.856 62.856 62.856 63.519 65.377 66.924 68.035 68.644 69.579 69.789 69.264 67.163 64.269 61.891 61.891 62.596 63.812 64.546 63.435 64.261 64.555 65.628 67.163 68.505 68.417 68.665 68.904 68.627 66.953 66.886 66.253 65.188 65.146 65.213 64.806 64.441 64.659 64.336 63.972 64.634 64.215 62.567 62.311 62.311 62.931 63.611 62.688 63.674 66.698 66.278 62.965 61.153 60.981 60.981 61.434
64.898 65.083 65.926 65.691 65.368 64.886 64.341 63.858 63.619 63.414 63.422 63.38 63.12 62.948 62.81 62.81 63.347 64.466 63.808 62.856 62.856 62.856 62.856 63.745 66.287 68.392 69.7 69.315 69.621 68.807 68.283 67.247 64.773 61.891 62.667 62.08 63.955 64.89 63.435 63.783 64.236 65.695 67.004 67.058 67.536 68.061 68.69 67.335 65.075 64.286 63.917 64.009 64.236 64.412 63.741 63.061 63.12 63.972 64.366 65.049 64.114 62.546 62.311 62.311 62.311 62.311 62.311 63.452 65.33 63.879 61.438 60.981 60.981 61.141 61.606
65.267 65.129 65.637 65.439 64.949 64.475 64.169 63.837 63.577 63.284 63.208 63.145 62.923 62.936 62.713 62.923 63.498 64.873 64.697 62.856 62.856 62.856 62.856 64.794 66.337 69.524 68.74 68.874 69.05 68.606 66.966 64.802 63.72 61.891 61.979 62.634 63.942 63.837 63.405 63.544 64.462 65.335 65.662 65.662 66.79 68.065 67.494 66.06 64.026 62.63 62.097 62.869 63.611 64.232 63.242 62.302 61.778 64.081 65.016 64.508 63.615 62.311 62.311 62.311 62.311 62.311 62.311 64.387 65.62 63.024 60.981 60.981 60.981 61.237 62.319
65.129 65.129 65.226 65.137 64.785 64.798 64.307 63.925 63.565 63.59 63.502 62.923 62.936 62.701 62.642 63.02 64.265 65.075 63.858 62.856 62.856 62.856 63.254 64.466 65.007 66.991 66.937 67.033 67.176 67.763 66.249 63.695 62.181 61.648 61.648 62.323 62.739 62.944 63.72 63.745 63.733 64.324 65.07 65.993 66.903 66.924 65.762 64.626 63.204 61.891 61.531 62.407 62.856 62.718 62.537 61.971 61.757 62.739 64.156 63.401 62.311 62.311 62.395 62.663 62.311 62.558 62.776 65.364 65.674 61.648 60.981 60.981 61.652 62.038 62.307
66.48 66.228 65.75 65.15 65.1 64.84 64.538 64.345 63.85 63.691 63.582 63.313 63.175 62.281 62.718 63.871 64.794 64.555 62.856 62.856 62.86 63.204 63.804 64.571 65.712 65.557 65.15 65.255 65.632 66.74 65.209 62.835 62.378 61.661 61.728 61.648 62.315 63.129 63.821 63.628 63.485 63.808 64.705 65.356 66.027 65.209 63.384 63.12 62.357 61.799 60.981 62.424 61.971 61.807 62.29 62.168 62.118 61.501 63.531 62.856 62.311 62.311 62.864 63.074 62.739 62.625 62.864 64.903 63.271 61.233 60.981 60.981 61.212 62.076 62.625
-9999 -9999 66.509 65.859 65.343 64.97 64.768 64.58 64.177 63.984 64.022 63.389 62.785 62.143 63.288 65.125 64.5 64.227 62.856 62.856 62.919 63.166 64.11 65.062 65.414 64.764 64.357 64.127 64.206 65.137 64.949 63.51 63.12 62.579 61.761 61.514 61.979 62.902 63.108 63.414 63.301 63.066 63.25 63.212 63.946 63.233 62.948 62.944 62.336 60.981 60.981 61.87 60.998 60.981 61.229 62.671 62.864 60.985 62.718 62.424 62.311 62.311 63.452 63.183 62.625 63.091 64.03 65.133 62.458 60.981 60.981 60.981 60.981 61.828 62.353
-9999 -9999 -9999 65.926 65.372 64.81 64.546 64.299 63.871 63.582 63.443 62.999 62.323 62.122 64.185 64.798 64.177 63.422 62.931 62.856 62.923 63.212 63.963 64.097 64.404 64.32 63.98 63.602 63.452 63.8 64.584 64.19 63.888 62.512 61.506 61.598 61.854 63.041 62.793 62.801 62.898 62.374 62.231 62.168 62.395 63.456 64.206 64.236 62.055 60.981 61.141 62.302 61.325 60.981 60.981 61.988 62.479 60.981 61.585 62.311 62.533 62.504 63.783 64.445 64.118 65.116 65.486 65.863 62.441 61.011 60.981 60.981 60.981 60.981 61.665
-9999 -9999 -9999 66.693 65.855 64.685 63.816 63.552 63.548 63.288 63.263 62.986 62.005 63.183 64.282 64.634 63.619 63.154 62.957 62.856 62.877 62.923 63.397 63.447 64.274 63.741 63.452 63.452 63.502 64.072 64.156 64.131 62.684 61.803 61.506 61.518 61.686 62.168 62.52 62.588 62.332 62.181 62.168 62.562 62.919 63.099 64.001 62.76 61.237 60.981 60.981 61.912 61.124 60.981 60.981 61.787 63.066 60.981 61.183 61.954 62.525 62.504 63.229 66.056 65.343 65.565 65.964 65.788 62.231 60.994 60.981 60.981 60.981 60.981 60.981
-9999 -9999 -9999 66.748 65.926 64.781 63.636 63.074 63.078 63.162 63.359 62.52 61.812 62.99 64.152 64.404 63.38 63.384 63.212 62.856 62.869 62.856 62.994 63.091 63.615 63.452 63.452 63.569 64.374 64.945 63.615 62.353 61.216 60.482 60.382 61.048 61.313 62.248 62.277 62.688 62.214 62.177 62.168 62.168 62.76 62.881 62.978 63.397 61.359 60.981 60.981 60.981 60.981 60.981 60.981 61.543 62.08 60.981 60.981 60.981 63.036 62.688 64.118 65.058 65.674 65.389 65.515 63.854 61.136 60.981 60.981 60.981 60.981 60.981 60.981
-9999 -9999 -9999 66.354 66.098 65.511 64.034 63.057 62.898 62.831 62.575 61.787 61.661 63.514 64.022 63.779 63.25 63.057 63.053 62.856 62.856 62.856 63.074 63.368 63.183 63.607 63.955 64.68 64.861 62.655 61.43 60.918 60.516 59.912 59.874 60.218 60.591 61.392 61.824 62.105 61.858 62.168 62.445 62.458 62.609 62.831 63.082 63.569 61.489 60.981 60.981 60.981 60.981 60.981 61.002 61.48 60.981 60.981 61.455 60.981 60.981 60.981 61.875 63.972 65.003 65.377 64.135 62.822 60.981 60.981 60.981 60.981 60.981 60.981 60.981
-9999 67.281 66.844 66.123 65.876 66.048 64.869 63.682 62.78 62.298 61.694 61.661 61.841 63.435 63.774 63.414 63.133 63.041 62.948 62.856 62.931 62.856 63.091 63.238 63.187 63.636 64.336 64.404 63.472 61.128 60.222 60.063 59.996 59.354 59.492 59.916 59.941 59.924 60.973 61.585 61.539 62.13 62.835 62.676 62.441 62.663 63.577 63.481 62.575 61.623 60.981 60.981 60.981 60.981 60.981 60.981 60.981 60.981 60.981 60.981 60.981 60.981 61.25 63.015 64.299 64.282 63.313 60.981 60.981 60.981 60.981 60.981 60.981 60.981 60.981
67.964 67.322 67.079 66.341 66.589 65.586 64.718 63.665 62.881 62.122 61.619 61.61 62.726 63.426 63.372 62.91 63.158 63.2 62.927 63.347 63.07 62.856 62.999 63.145 63.41 64.097 63.657 63.519 61.996 59.862 59.337 59.832 59.681 59.216 59.216 59.698 59.723 59.396 60.231 60.835 61.514 61.673 62.252 62.567 62.315 61.833 62.244 62.088 63.028 61.938 61.719 60.981 60.981 60.981 60.981 60.981 60.981 60.981 60.981 60.981 60.981 60.981 61.12 63.573 64.177 64.605 63.12 60.981 60.981 60.981 60.981 60.981 60.981 60.981 60.981
67.713 67.159 66.53 67.637 67.931 66.182 65.041 64.458 63.036 62.034 61.61 61.61 62.659 63.003 63.506 63.225 62.91 62.827 62.944 63.288 62.986 62.39 62.533 62.923 63.271 63.766 62.328 62.088 60.503 59.17 59.455 59.832 59.643 59.216 59.497 59.534 59.337 59.199 59.748 60.08 60.319 60.319 60.474 60.474 60.474 60.533 60.73 60.981 61.938 62.076 61.099 60.981 60.981 60.981 60.981 60.981 60.981 60.981 60.981 60.981 60.981 60.981 62.244 63.502 63.863 63.59 62.458 60.981 60.981 60.981 60.981 60.981 60.994 60.981 61.384
67.78 66.643 66.647 67.641 67.188 66.79 65.33 64.588 63.544 62.416 61.61 62.072 61.745 62.47 63.334 63.296 62.239 62.122 62.399 62.298 62.126 61.921 62.068 62.256 61.841 61.673 61.019 61.095 59.933 58.859 58.712 59.291 59.811 59.136 58.649 58.729 58.679 59.128 59.128 59.782 60.944 61.107 61.187 61.497 62.349 62.076 61.229 60.994 60.981 60.981 60.981 60.981 60.981 60.981 60.981 60.981 60.981 60.981 60.981 60.981 60.981 60.981 61.103 62.894 63.653 61.719 60.981 60.981 60.981 60.981 60.981 61.334 62.218 62.168 62.835
67.616 66.614 66.148 66.907 67.251 66.282 65.528 64.072 64.194 63.024 62.26 61.61 61.61 62.101 62.638 62.411 62.193 61.921 61.921 61.921 61.921 62.118 61.799 61.409 61.531 61.246 61.019 61.162 59.396 58.649 58.649 59.077 59.799 58.649 58.649 58.649 58.788 59.95 61.43 62.114 62.273 62.269 62.546 62.596 62.533 62.705 62.915 62.793 62.382 62.252 61.568 61.648 62.252 62.621 61.359 60.981 60.981 60.981 60.981 60.981 60.981 60.981 60.981 61.002 61.753 60.981 60.981 60.981 60.981 60.981 61.35 61.837 62.449 63.489 65.049
66.534 66.605 66.148 67.092 66.693 65.196 64.815 63.804 63.997 63.028 62.411 62.554 61.61 62.063 61.879 61.703 61.942 62.374 61.921 61.921 61.921 62.29 61.942 61.266 60.604 60.122 60.822 60.881 59.417 58.649 58.83 59.086 59.417 58.649 58.649 58.649 59.673 61.006 62.034 62.428 62.277 62.218 62.42 62.407 62.613 62.999 63.372 64.445 63.942 64.034 63.808 63.091 63.909 64.068 61.992 60.981 60.981 60.981 60.981 60.981 60.981 60.981 60.981 60.981 60.981 60.981 60.981 60.981 61.17 61.879 61.896 62 62.898 64.244 65.972
66.069 66.232 66.148 67.205 65.876 64.341 63.85 63.724 62.718 62.168 61.426 61.027 61.258 61.3 61.703 61.774 61.896 62.202 62.843 62.931 62.365 62.445 62.231 61.434 60.184 59.664 60.042 59.815 58.649 58.649 59.01 58.855 58.649 58.649 58.649 58.649 60.31 60.872 61.631 61.787 61.824 62.017 62.361 62.579 62.76 63.011 63.745 64.349 64.039 63.728 63.548 63.405 63.485 63.67 63.355 63.514 61.9 60.981 61.384 61.09 61.107 60.981 61.661 61.988 62.105 62.588 62.16 62.768 62.688 62.235 62.395 62.839 63.405 64.747 65.582
65.637 66.089 65.595 66.173 64.269 63.783 62.86 62.177 61.925 61.38 61.388 61.057 61.027 61.162 62.055 61.975 61.413 61.657 62.445 62.575 61.896 62.185 62.105 61.17 61.321 60.34 59.555 58.868 58.649 58.649 58.649 58.649 58.649 58.649 58.649 59.178 60.524 60.998 61.015 61.757 62.005 61.921 62.088 62.361 62.999 62.927 63.288 63.263 62.718 62.336 62.479 63.611 64.034 63.8 63.879 64.148 62.193 61.661 62.458 61.917 61.908 62.047 63.082 63.334 63.548 63.489 64.278 64.768 65.305 65.553 65.339 65.599 64.341 64.106 65.012
65.146 65.335 65.024 63.607 63.737 62.801 62.009 61.556 61.275 60.99 61.187 60.746 60.18 60.809 61.887 61.69 61.363 61.732 61.942 62.336 61.602 61.002 61.006 59.975 59.933 59.224 58.893 58.649 58.649 58.922 59.178 59.723 59.065 59.161 60.071 60.197 60.948 60.763 60.7 61.266 61.69 61.849 62.525 62.508 62.701 62.722 62.814 62.235 61.615 61.254 61.623 63.032 63.657 64.148 64.068 63.582 63.024 62.852 63.787 63.233 62.726 62.986 63.439 63.393 63.779 64.118 65.058 66.199 66.731 67.658 67.658 67.57 66.471 65.406 65.754
64.907 64.227 63.804 63.921 62.835 61.958 61.141 61.011 60.583 60.478 60.763 60.436 60.063 60.344 60.759 60.675 60.83 61.111 61.275 61.912 60.486 59.627 60.214 59.929 59.534 58.649 58.649 58.8 59.3 59.903 60.633 60.281 59.811 59.958 60.533 60.457 60.34 60.709 60.7 61.12 61.917 61.967 62.512 62.353 62.311 61.975 61.82 61.501 61.149 60.734 61.191 61.807 62.298 63.166 63.359 62.688 62.81 63.074 63.317 63.187 62.835 63.619 63.401 63.636 64.097 64.999 66.261 68.069 68.946 69.797 70.254 70.065 68.702 67.109 67.264
63.967 63.657 63.028 62.613 62.151 61.673 60.931 60.424 60.021 60.054 60.293 60.356 60.084 59.945 60.826 60.394 60.138 60.126 60.273 61.199 60.499 59.576 59.962 59.333 58.838 58.649 59.186 59.824 60.491 60.545 60.839 61.015 60.159 60.788 60.331 60.101 59.706 59.899 59.765 60.809 61.56 61.493 61.522 61.665 61.791 61.283 60.914 60.457 60.457 60.533 60.751 61.292 61.606 62.126 62.462 61.564 61.564 61.954 62.328 62.139 62.764 63.028 63.502 63.644 64.437 65.695 66.4 68.623 70.229 71.269 69.411 69.378 69.843 68.53 69.709
63.632 62.973 62.273 61.732 61.644 61.103 60.642 60.075 59.807 59.853 60.109 60.138 59.748 59.757 60.558 60.344 60.373 59.845 59.765 60.39 60.122 59.451 59.052 58.977 58.649 58.649 59.308 59.417 59.09 59.61 61.057 61.061 60.746 61.191 60.407 59.866 59.652 59.761 59.652 60.763 61.132 61.489 61.522 61.346 61.002 60.554 60.717 60.503 60.461 60.457 60.637 60.528 61.346 61.665 61.564 61.564 61.564 61.564 62.08 61.77 62.684 63.431 63.846 64.039 64.836 65.037 66.324 68.111 70.204 71.357 70.363 70.149 71.315 71.839 72.41
63.057 62.319 61.757 61.371 61.128 60.839 60.709 60.264 59.828 59.719 59.442 59.803 59.669 59.287 60.168 59.996 60.31 59.937 59.765 59.916 60.226 59.262 58.704 58.649 58.649 58.649 59.807 59.069 60.629 60.218 60.386 60.751 60.478 60.692 59.996 59.652 59.652 59.652 59.698 60.6 60.545 61.086 60.918 60.616 60.424 60.201 60.155 59.899 59.899 60 60.067 60.918 60.91 61.359 62.118 62.437 62.416 61.95 61.564 61.782 62.365 63.12 63.758 64.328 64.181 64.16 65.993 68.295 69.407 70.179 69.973 69.986 71.697 72.133 72.376
62.441 61.648 60.965 60.923 60.696 60.34 60.298 59.794 59.526 59.346 59.178 59.497 59.425 58.897 59.656 59.245 59.551 60.109 59.639 59.853 59.53 58.75 58.649 58.649 58.679 60.562 59.899 59.245 58.972 60.117 60.616 60.18 59.971 59.962 59.971 60.05 59.652 59.652 60.05 60.616 59.971 60.176 60.356 60.273 60.449 60.096 60.046 59.899 59.937 59.878 59.95 60.436 60.268 60.772 61.006 61.149 61.292 61.782 62.323 62.512 62.554 62.789 63.653 63.728 63.334 63.863 65.985 67.499 68.841 69.164 69.176 69.839 71.03 71.726 71.403
61.464 60.931 60.495 60.302 59.966 59.79 59.589 59.497 59.211 58.893 58.591 59.128 59.119 58.897 59.17 58.985 59.4 59.61 59.262 59.581 58.905 59.081 59.203 58.838 57.576 61.657 59.66 57.534 58.255 60.302 59.74 59.325 59.958 59.773 59.094 60.109 59.652 59.652 59.652 59.803 59.74 59.74 59.832 59.794 60.176 60 60.122 60.105 59.975 59.866 59.866 60.008 60.415 60.495 60.277 60.344 61.044 62.093 62.357 62.164 61.766 62.013 63.082 63.594 62.873 64.416 66.299 67.822 69.021 67.817 69.927 70.183 69.78 69.44 69.138
61.258 60.39 59.929 59.975 59.87 59.627 59.337 59.304 59.119 58.7 58.591 58.968 58.717 58.389 58.503 58.616 58.838 59.144 58.805 58.855 59.199 59.715 59.597 58.687 57.576 58.406 57.236 57.236 57.236 59.505 58.259 58.398 59.333 58.968 58.578 59.765 59.786 59.652 59.652 59.74 59.966 59.744 59.74 59.74 60.189 59.941 60.054 60.235 59.945 59.866 59.866 59.866 60.407 60.176 59.937 59.966 60.704 61.246 62.185 62.143 61.157 60.734 61.304 61.929 61.841 63.141 65.59 66.832 66.643 67.562 68.413 68.119 68.295 67.125 67.713
61.279 60.319 59.652 59.773 59.593 59.492 59.073 58.717 58.817 58.402 58.805 58.335 58.494 58.238 58.624 58.868 59.35 59.027 58.57 59.291 59.379 59.371 59.115 58.494 58.293 57.236 57.236 57.848 58.608 58.218 57.458 57.676 58.88 57.97 58.377 60.075 59.652 59.698 59.95 60.281 60.872 60.583 60.13 59.74 59.836 59.929 60.088 60.277 59.866 59.866 59.866 59.866 59.866 59.866 59.899 59.866 59.866 60.117 60.772 60.981 60.587 60.189 60.788 61.48 62.642 64.391 65.393 64.836 65.133 65.842 67.478 66.626 66.626 67.335 68.451
60.725 59.815 59.258 59.3 59.102 59.094 58.813 58.553 58.578 58.05 58.129 58.243 57.932 57.895 58.821 58.972 58.821 58.184 58.754 59.065 59.065 59.136 58.897 58.004 58.171 57.236 58.041 57.978 58.889 59.685 57.32 57.832 58.108 57.786 57.509 59.862 59.434 59.639 60.163 60.667 61.053 60.444 60.876 60.038 59.74 59.74 60.029 59.983 59.866 59.866 59.866 59.866 59.866 59.866 59.866 59.866 59.866 59.866 59.866 60.327 60.524 60.151 60.663 62.294 63.867 64.76 64.114 63.259 62.881 63.779 66.626 68.845 67.692 68.308 68.899
59.933 59.375 58.989 59.249 58.746 58.901 58.377 58.406 57.836 57.614 57.949 57.853 57.651 57.706 58.578 58.356 57.815 58.092 58.566 58.633 58.93 58.75 58.528 57.479 56.796 57.668 57.882 57.786 59.459 58.582 56.708 57.5 57.609 57.454 58.079 59.392 59.652 60.029 60.394 60.763 60.403 60.507 60.323 60 60.017 59.74 59.778 59.778 60.046 60.05 59.983 59.866 59.866 59.866 59.866 59.866 59.866 59.866 59.866 59.958 60.398 60.151 61.099 61.568 62.03 63.305 62.256 61.564 62.487 63.904 65.603 67.44 68.769 69.201 69.419
59.216 59.048 59.052 58.989 58.683 58.306 58.255 57.941 57.576 57.341 57.559 57.53 57.471 57.513 57.756 57.609 57.664 58.029 58.067 58.041 58.385 58.016 57.572 57.261 56.708 58.129 58.138 57.056 57.899 56.88 56.708 56.825 57.412 57.664 58.8 60.327 59.66 59.853 60.478 60.965 60.713 60.403 59.786 60.046 60.017 59.878 60.289 59.786 59.992 60.033 60.327 60.73 60.444 60.092 59.866 59.866 59.866 59.866 59.866 60.52 60.721 60.151 61.053 60.772 61.17 61.728 61.493 61.493 62.948 64.55 66.832 68.241 69.73 70.162 70.669
59.002 59.279 58.884 58.75 58.452 58.104 58.083 57.983 57.37 57.27 57.467 57.261 57.211 57.24 57.559 57.484 57.555 57.924 58.041 58.1 58.129 57.232 58.108 57.031 56.708 56.708 56.708 56.708 56.708 56.708 56.708 56.733 57.022 56.993 58.83 59.53 59.312 60.092 60.679 60.948 61.317 61.413 60.6 59.786 59.786 59.786 59.786 59.786 60.247 60.252 60.033 60.654 60.495 60.621 59.866 59.866 59.866 59.866 59.866 60.554 60.151 60.151 60.151 60.151 61.107 60.99 61.585 62.03 63.057 65.259 66.92 68.333 68.857 69.508 71.303
58.436 58.436 58.05 58.129 57.848 57.584 58.046 57.899 57.463 57.211 57.257 57.211 57.211 57.211 57.484 57.484 57.484 57.974 57.823 57.702 57.236 57.291 57.039 56.993 56.913 56.708 56.708 56.708 56.708 56.708 56.708 56.829 56.708 56.834 58.989 58.515 58.947 59.786 60.742 61.107 61.518 61.48 60.99 60.86 60.44 60.017 59.786 60.151 60.348 60.033 60.109 60.784 60.453 60.486 60.193 59.866 59.866 59.866 59.866 60.151 60.91 60.914 60.369 60.658 61.388 60.918 61.048 61.82 63.51 63.426 65.653 67.012 67.78 69.105 70.665
