Data/morph/dem.asc
ncols         220
nrows         290
xllcorner     442500
yllcorner     5798500
cellsize      50
NODATA_value  -9999
[rows 99 to 131 of 290, columns 75 to 149 of 220]
57.991 57.656 57.555 57.454 57.391 57.471 57.58 57.731 57.437 57.211 57.211 57.211 57.211 57.211 57.5 57.484 57.484 57.551 57.693 57.492 57.11 56.708 56.708 56.708 56.708 56.708 56.708 56.708 56.708 56.708 56.708 56.708 56.708 56.708 58.41 59.463 59.669 60.004 60.558 60.029 59.828 59.828 60.574 61.082 60.734 59.786 60.386 60.352 60.646 60.143 60.189 60.172 60.26 60.453 60.956 60.923 59.866 59.866 59.866 59.866 60.767 61.22 60.914 60.52 61.296 60.918 61.573 62.621 63.066 63.514 64.529 65.523 67.583 68.975 70.552
58.1 57.718 57.391 57.391 57.505 57.827 57.744 57.769 57.534 57.643 57.421 57.211 57.211 57.584 57.84 57.484 57.484 57.76 57.278 57.341 56.724 56.708 56.708 56.708 56.708 56.708 56.708 56.708 56.708 56.708 56.708 56.708 56.708 58.578 59.329 60.193 60.31 60.604 60.39 59.765 59.916 60.172 60.558 61.17 60.881 60.361 60.629 60.474 60.516 60.075 60.075 60.075 60.075 60.092 61.157 61.25 59.983 59.866 59.866 59.866 60.092 60.6 61.015 60.52 60.918 61.17 61.636 62.172 62.701 63.108 63.741 65.678 66.953 68.249 69.466
58.385 57.844 57.391 57.412 57.463 57.601 57.63 57.911 58.188 57.542 57.211 57.479 57.614 57.983 57.924 57.689 57.844 57.505 57.328 57.031 56.708 56.708 56.708 56.708 56.708 56.708 56.708 56.708 56.708 56.708 56.708 56.708 56.775 57.018 59.056 59.895 60.025 60.684 60.574 59.765 59.765 59.765 60.101 60.562 60.751 60.361 60.335 60.302 60.302 60.092 60.075 60.075 60.075 60.243 60.486 60.872 59.866 59.866 59.866 59.958 60.679 61.178 60.767 60.7 61.279 61.518 61.971 62.554 62.529 63.561 64.592 66.488 68.241 69.369 69.822
58.067 57.66 57.295 57.261 57.19 57.496 57.744 58.457 57.819 57.211 57.437 57.781 57.479 57.777 57.79 57.433 57.412 57.177 57.123 56.708 56.708 56.708 56.708 56.708 56.708 56.708 56.708 56.708 56.708 56.708 56.708 56.708 56.825 56.888 58.788 60.159 59.987 59.983 60.411 59.765 61.292 60.864 60.759 60.872 61.266 61.187 60.533 60.725 60.528 60.26 60.382 60.168 60.075 60.075 60.092 60.495 60.075 60.134 60.247 61.061 61.887 62.562 61.518 61.615 62.193 62.671 62.961 63.15 62.91 63.598 64.441 66.144 68.522 69.575 70.556
57.97 57.496 57.215 57.152 57.018 57.341 57.895 58.209 57.349 57.211 57.5 57.886 57.5 57.756 57.169 57.169 57.249 57.236 56.708 56.708 56.708 56.708 56.708 56.708 56.708 56.708 56.708 56.708 56.708 56.708 56.708 56.708 56.708 57.416 58.595 59.27 60.289 59.262 59.316 59.358 60.692 60.679 60.319 60.545 60.944 61.686 60.306 60.419 60.654 60.256 60.47 60.281 60.075 60.075 60.075 60.075 60.289 60.881 61.321 61.074 61.694 61.778 61.904 62.307 63.431 63.93 64.248 64.198 63.556 63.997 64.437 66.19 68.086 69.105 70.321
57.987 57.324 57.115 56.926 56.892 57.635 57.517 57.886 57.073 57.077 57.395 57.76 57.563 57.421 56.959 56.708 56.708 56.842 56.964 56.708 56.708 56.708 56.708 56.708 56.708 56.708 56.708 56.708 56.708 56.708 56.708 56.708 56.708 57.593 58.465 59.425 60.264 59.262 59.534 60.696 60.172 60.247 61.304 61.355 60.985 61.162 60.306 60.663 60.319 60.075 60.289 60.373 60.075 60.075 60.075 60.075 60.176 61.141 60.742 60.621 60.621 61.3 62.91 63.531 64.395 64.966 65.263 65.335 64.668 64.71 65.67 66.97 67.679 68.384 69.7
58.037 57.328 57.06 56.863 56.854 57.546 59.593 59.295 57.005 57.005 57.169 57.24 57.005 56.708 56.708 56.708 56.708 56.708 56.708 56.708 56.708 56.708 56.708 56.708 56.708 56.708 56.708 56.708 56.708 56.708 56.708 56.708 56.708 57.257 58.31 59.434 59.639 59.262 59.916 60.583 59.992 60.176 60.013 60.897 60.897 61.178 60.461 60.306 60.075 60.075 60.075 60.323 60.075 60.075 60.075 60.075 60.184 60.981 60.621 60.621 60.734 61.686 62.42 63.225 64.068 64.945 64.521 64.957 64.68 65.238 66.169 66.308 66.354 67.486 69.176
57.978 57.089 56.825 56.699 56.813 56.813 57.005 57.06 57.005 57.232 57.106 57.052 56.813 56.708 56.708 56.766 56.708 56.708 56.708 56.708 56.708 57.723 57.92 56.708 56.708 56.708 56.708 56.708 56.708 56.708 56.708 56.708 56.708 56.75 57.609 58.637 59.262 59.316 60.113 60.83 60.314 59.971 59.807 60.96 61.392 61.527 60.587 60.344 60.075 60.075 60.075 60.075 60.075 60.075 60.075 60.155 60.176 60.621 60.621 60.621 61.12 61.522 62.021 63.313 64.299 64.71 64.013 63.766 64.299 65.037 65.075 64.777 66.245 67.499 68.66
57.068 57.207 56.724 56.666 56.909 57.505 57.76 57.005 57.005 57.756 57.471 57.068 57.11 56.745 57.324 57.806 57.11 57.291 57.228 56.708 56.708 57.245 58.788 56.708 56.708 56.708 56.708 56.708 56.708 56.708 56.708 56.708 56.708 56.708 57.06 57.5 58.784 60.436 60.436 60.554 59.555 59.48 59.48 60.411 61.191 61.736 61.036 60.797 60.075 60.075 60.075 60.075 60.075 60.075 60.075 60.075 60.13 61.095 60.621 60.621 61.178 61.707 61.824 63.049 64.274 64.37 63.766 63.766 63.766 63.766 63.766 65.179 66.438 67.125 68.325
57.047 56.863 57.194 56.666 57.094 57.685 57.878 57.358 57.643 58.096 57.643 57.249 57.253 57.249 57.517 57.899 57.479 58.587 56.8 56.708 56.708 56.708 56.708 56.708 56.708 56.708 56.708 56.708 56.708 56.708 56.708 56.708 56.708 56.708 56.943 57.572 58.687 60.327 60.268 59.48 59.48 60.293 59.48 60.864 60.931 61.011 61.12 61.044 60.075 60.075 60.348 60.172 60.075 60.075 60.075 60.08 60.365 61.25 61.25 61.25 60.621 60.621 60.621 62.302 63.657 64.139 63.766 63.766 63.766 63.766 64.131 65.389 66.194 66.886 67.994
56.934 56.691 56.561 56.804 57.144 57.559 57.538 57.358 57.714 57.752 57.249 57.249 57.249 57.249 57.475 57.404 57.395 57.035 57.546 56.708 56.708 57.345 56.708 56.708 56.708 56.708 56.708 56.708 56.708 56.708 56.708 56.708 56.708 56.708 56.708 57.047 59.266 60.122 60.067 60.126 59.48 60.21 59.971 60.574 62.185 61.506 60.881 60.629 61.095 61.568 61.38 60.377 60.075 60.281 60.264 60.075 60.658 61.367 62.03 62.105 61.317 60.621 60.906 62.193 63.514 63.766 63.774 63.766 63.766 63.766 63.766 64.492 65.645 66.131 66.748
56.934 56.439 56.376 56.733 57.567 57.798 58.004 57.802 58.578 58.159 57.492 57.249 57.249 57.249 57.328 57.605 58.062 57.085 56.796 56.712 56.708 56.708 56.708 56.708 56.708 56.708 56.708 56.708 56.708 56.708 56.708 56.708 56.708 56.708 56.771 58.821 59.174 59.79 59.799 60.419 59.48 59.48 60.122 60.633 59.48 60.218 60.063 60.285 60.57 60.918 61.392 60.608 60.344 60.306 60.075 60.075 60.998 61.338 62.026 61.891 61.665 61.015 60.734 61.761 63.309 64.185 64.03 64.261 64.064 64.102 64.005 64.785 65.293 65.88 66.123
56.649 56.305 56.259 56.913 57.366 57.84 57.957 58.301 58.691 57.978 57.676 57.723 57.249 57.249 57.249 57.249 57.454 57.71 56.813 56.708 56.737 56.708 56.708 56.708 56.708 56.708 56.708 56.708 56.708 56.708 56.708 56.708 56.708 56.708 56.745 58.285 59.828 59.287 60.088 60.264 59.48 59.48 59.48 59.48 60.499 60.465 59.878 59.878 59.987 60.092 61.086 61.472 60.461 60.197 60.075 60.075 60.679 61.359 61.51 61.623 61.388 61.262 61.128 61.342 62.609 63.737 63.577 63.577 63.577 64.026 64.823 64.429 65.121 66.295 66.748
56.326 56.175 56.431 56.758 57.24 57.245 57.408 58.071 58.071 57.853 57.626 57.748 57.249 57.265 57.278 57.249 57.333 57.676 56.913 56.708 56.708 56.708 56.708 56.708 56.708 56.708 56.708 56.708 56.708 56.708 56.708 56.708 56.708 56.708 57.119 58.792 59.279 59.14 60.608 60.008 59.48 59.635 60.109 60.751 60.524 60.197 59.878 59.878 59.878 59.878 60.587 60.998 60.897 60.113 60.075 60.075 60.537 62.34 62.294 62.055 61.229 61.128 61.128 61.212 61.946 63.577 64.211 63.737 63.577 63.925 64.416 63.779 64.94 66.291 66.802
56.179 56.079 56.511 57.228 57.714 57.718 57.551 58.062 58.062 57.819 57.727 57.626 57.249 57.37 57.299 57.702 57.601 58.087 57.198 56.708 56.951 56.708 56.708 56.708 56.708 56.708 56.708 56.708 56.708 56.708 56.708 56.708 56.708 56.708 57.064 58.23 58.905 59.606 60.189 59.3 59.899 59.367 60.361 60.021 60.042 59.878 60.562 60.486 59.95 59.878 60.595 61.027 61.451 61.313 61.002 60.474 61.128 61.694 61.954 62.059 61.443 61.128 61.128 61.606 62.625 63.221 63.812 64.022 63.636 63.577 63.577 63.602 64.559 65.934 66.06
56.007 56.007 56.922 57.538 57.97 58.033 58.238 58.582 58.675 58.503 58.335 58.398 57.999 58.301 57.806 58.201 58.259 57.697 57.429 56.708 56.708 56.708 56.708 56.708 56.708 56.708 56.708 56.708 56.708 56.708 56.708 56.708 56.708 56.708 56.934 58.322 58.532 58.532 59.3 60.05 60.47 59.367 59.367 59.908 59.878 59.971 61.099 60.881 60.197 59.878 59.916 60.491 61.04 61.438 61.258 61.384 61.254 61.585 62.315 61.816 62.143 61.128 61.128 61.128 61.929 62.936 63.363 64.265 64.315 63.577 63.8 64.773 64.735 65.213 65.582
56.02 55.852 56.565 57.094 57.63 57.689 57.89 58.419 58.629 58.754 58.809 58.926 58.511 58.893 59.014 58.935 58.666 58.314 58.155 56.708 56.708 56.708 56.708 56.708 56.708 56.708 56.708 56.708 56.708 56.708 56.708 56.708 56.708 56.708 56.896 59.123 59.01 58.968 58.939 60.34 60.205 59.367 60.176 59.706 61.011 60.704 60.331 60.306 59.878 59.878 60.122 61.053 61.132 61.627 61.753 62.445 62.235 62.646 61.795 61.149 61.128 61.128 61.128 61.128 61.677 62.713 63.682 64.219 64.622 64.58 64.408 64.471 64.471 64.71 64.781
55.823 56.183 57.047 57.563 57.978 57.991 58.209 58.662 58.721 58.964 59.333 59.362 59.081 59.279 59.304 59.182 58.8 58.574 57.236 56.708 56.708 56.708 56.708 56.708 56.708 56.708 56.708 56.708 56.708 56.708 56.708 56.708 56.708 56.708 57.689 58.247 59.845 59.66 58.939 60.046 60.73 59.379 59.367 60.633 61.153 61.585 60.952 61.707 59.878 59.878 60.025 61.434 62.084 62.554 63.032 63.305 62.814 63.309 61.396 61.149 61.128 61.128 61.128 61.25 61.757 62.68 63.535 64.043 64.294 64.408 64.336 64.546 64.475 64.538 64.508
55.777 56.263 56.825 57.597 58.264 58.268 58.595 59.182 59.182 59.073 59.53 59.698 59.568 59.782 59.597 59.744 59.614 59.438 57.706 56.968 56.708 56.708 56.708 56.708 56.708 56.708 56.708 56.708 56.708 56.708 56.708 56.708 56.708 56.708 57.345 58.482 59.161 59.752 59.677 59.476 60.113 58.951 59.228 60.193 62.047 62.369 62.55 62.302 60.231 59.929 62.177 62.244 62.055 62.172 62.797 63.439 63.607 63.296 62.118 62.374 61.988 62.034 61.807 61.778 61.833 62.441 63.066 63.804 64.072 64.072 64.072 64.072 64.097 64.508 64.508
55.777 56.334 57.106 57.819 58.314 58.431 58.67 59.375 59.522 59.358 59.601 59.824 59.778 60.084 59.929 60.18 60.239 59.522 58.058 57.609 56.708 56.708 56.708 56.708 56.708 56.708 56.708 56.708 56.708 56.708 56.708 56.708 56.708 56.708 57.853 58.507 59.677 58.893 60.042 59.434 59.782 58.809 59.182 60.147 62.416 62.63 62.806 62.931 60.751 61.053 61.938 62.642 63.221 63.464 63.976 63.313 62.94 62.642 62.231 62.697 63.259 63.288 62.382 62.747 62.709 63.028 63.917 64.001 64.215 64.148 64.072 64.072 64.634 65.473 65.372
55.747 56.674 57.169 57.903 58.012 58.209 58.511 59.128 59.157 59.547 59.799 59.891 59.992 60.155 60.21 60.159 60.214 59.941 59.723 58.754 57.274 56.708 56.708 56.708 56.708 56.708 56.708 56.708 56.708 56.708 56.708 56.708 56.708 56.787 57.685 58.515 58.511 58.616 59.92 58.775 58.788 59.073 58.784 60.193 61.732 62.084 63.015 63.137 62.013 61.648 62.546 62.982 63.036 63.242 63.636 64.16 63.993 63.305 64.328 63.993 64.705 64.219 64.24 62.688 63.082 64.043 64.303 64.374 65.188 65.096 64.89 64.798 65.305 65.691 65.305
55.697 55.873 56.502 57.186 57.442 57.702 58.113 58.461 58.675 58.759 59.178 59.396 59.547 59.727 59.799 60.205 60.457 60.65 60.776 60.134 58.494 56.708 56.708 56.708 56.708 56.708 56.708 56.708 56.708 56.708 56.708 56.708 56.708 56.708 56.708 57.614 58.608 58.691 59.329 58.775 58.784 58.784 59.434 59.232 61.065 62.026 62.793 62.692 62.311 62.097 62.848 62.864 62.81 63.217 63.665 64.064 64.118 63.774 63.984 63.393 63.485 64.475 64.529 64.575 64.496 64.366 64.622 65.163 64.718 65.083 64.999 64.777 65.641 65.502 66.219
55.953 56.615 57.245 57.643 57.689 57.999 58.654 58.88 59.161 59.056 59.488 59.593 59.43 59.48 60.13 60.335 60.474 60.755 60.734 60.805 60.646 58.385 56.708 56.708 56.708 56.708 56.708 56.708 56.708 56.708 56.708 56.708 56.708 56.892 57.718 59.056 58.352 58.28 58.524 59.543 59.937 59.027 58.784 58.784 60.822 61.082 62.13 62.697 61.984 61.979 62.445 62.533 62.718 63.254 63.372 63.431 63.032 63.087 62.076 62.076 63.481 63.976 64.588 64.555 64.961 64.697 64.773 64.802 64.395 64.219 64.324 64.24 64.588 65.674 65.171
56.683 57.001 57.899 58.343 58.23 58.536 58.733 59.023 59.274 59.455 59.748 59.841 60.059 60.105 60.264 60.314 60.604 60.642 60.801 60.734 60.835 57.102 56.708 56.708 56.708 56.708 56.708 56.708 56.708 56.708 56.708 56.708 56.708 56.947 57.718 58.318 58.742 57.882 59.056 59.249 59.471 59.807 60.235 59.484 61.476 61.807 62.218 62.491 61.979 62.042 62.663 62.751 62.546 62.65 62.722 62.453 61.95 62.076 62.458 62.894 63.313 64.391 63.938 64.575 64.701 64.047 63.762 64.03 63.837 63.741 63.904 64.24 63.632 61.657 61.979
56.951 56.846 57.765 58.226 58.7 59.144 59.199 59.312 59.434 59.539 59.807 59.891 60.025 59.979 60.075 60.172 60.428 60.491 60.658 60.663 60.855 56.708 56.708 56.708 56.708 56.708 56.708 56.708 56.708 56.708 56.708 56.708 56.708 56.708 57.819 59.174 57.882 57.999 59.421 59.56 59.761 60.864 59.513 61.292 61.745 61.87 62.399 62.508 61.979 62.147 62.688 62.642 62.407 62.621 61.958 61.153 61.153 61.153 62.294 63.414 63.753 64.315 63.909 64.198 63.456 63.007 63.217 63.355 63.489 64.051 62.617 60.314 60.226 60.226 60.226
57.031 57.085 57.953 58.163 58.666 58.779 58.939 59.417 59.388 59.505 59.643 59.74 59.652 59.79 59.958 60.101 60.382 60.465 60.558 60.738 60.805 56.708 56.708 57.102 57.047 56.708 56.708 56.708 56.708 56.708 56.708 56.708 56.708 56.724 57.408 57.71 57.572 58.469 59.551 59.597 59.589 60.533 58.528 60.772 61.438 62.202 62.319 62.47 61.669 61.938 62.34 62.697 62.311 61.77 61.057 61.753 61.153 61.262 61.371 62.659 64.005 64.018 63.225 64.274 63.225 63.007 63.368 63.854 63.577 63.523 60.86 60.226 60.226 62.671 60.864
57.135 57.249 57.689 58.243 58.649 58.725 56.708 56.708 58.536 59.22 59.065 58.025 59.446 59.778 59.857 59.983 60.201 60.449 60.57 60.663 60.801 60.281 56.938 56.708 58.511 56.708 56.708 56.708 56.708 56.708 56.708 56.708 56.708 56.708 57.463 57.572 57.572 59.329 59.828 59.778 59.291 59.505 58.528 60.172 60.885 61.619 61.95 62.307 61.204 61.074 61.476 61.862 62.005 61.233 60.847 62.856 61.938 62.055 61.807 61.992 62.856 62.349 63.342 63.909 62.63 63.103 63.431 62.705 62.483 61.174 60.491 60.226 60.226 62.571 62.39
57.286 57.748 58.025 58.373 58.545 56.972 56.708 56.708 56.708 58.939 56.708 56.708 58.872 58.431 59.853 59.937 60.205 60.365 60.537 60.591 60.675 60.26 56.708 57.689 58.922 57.161 56.708 56.708 56.708 56.708 56.708 56.708 56.708 56.708 57.693 58.503 59.199 59.438 59.61 59.715 59.765 58.754 58.528 60.293 61.212 61.35 61.061 60.784 60.331 60.436 60.34 60.935 61.019 60.772 60.646 61.128 60.684 60.751 60.319 60.818 61.677 61.451 62.73 62.734 62.386 62.952 63.733 62.684 62.353 61.199 60.507 60.226 60.319 62.789 63.074
57.651 57.727 57.618 57.777 58.041 56.708 56.708 56.708 56.708 56.708 56.708 58.469 56.708 56.708 56.708 57.58 59.123 60.306 60.331 60.621 60.461 59.711 56.708 56.708 58.339 56.989 56.708 56.708 56.708 56.708 56.708 56.708 56.708 57.085 57.999 58.322 58.557 59.283 59.631 59.669 60.524 58.528 58.742 58.943 60.025 60.52 60.407 60.306 60.252 59.681 59.639 59.958 59.857 59.895 59.882 59.836 59.882 60.415 59.723 60.868 61.451 61.812 62.822 62.294 62.294 63.464 64.055 63.087 61.686 60.889 60.184 60.558 62.047 63.363 63.712
56.947 56.766 57.211 57.962 57.127 56.708 56.708 56.708 56.708 56.708 56.708 56.708 56.708 56.708 56.708 56.708 56.708 57.349 56.708 58.922 60.327 60.524 59.195 56.708 56.708 56.708 56.708 56.708 56.708 56.708 56.708 56.708 56.708 57.727 57.895 58.247 58.444 58.884 59.258 59.794 59.849 57.974 57.148 57.819 59.073 59.882 59.941 60.293 60.386 59.966 59.404 59.48 59.463 59.404 59.459 59.757 59.836 60.252 59.723 60.281 61.241 62.034 63.334 62.294 62.571 63.229 63.481 62.659 61.107 60.017 60.273 61.636 63.057 63.443 63.644
56.578 57.576 58.247 58.662 56.708 56.708 56.708 56.708 56.708 56.708 56.708 56.708 56.708 56.708 56.708 56.708 56.708 56.708 56.708 56.708 59.933 60.243 60.159 58.184 56.708 56.708 56.708 56.708 56.708 56.708 56.708 56.708 57.408 58.494 57.727 57.97 58.545 59.149 59.182 59.765 59.446 57.71 57.148 58.058 58.738 59.492 60.231 60.386 60.612 60.273 59.404 59.404 59.404 59.404 59.639 59.656 59.476 59.723 59.87 59.757 60.96 62.055 62.365 63.246 61.032 61.3 61.858 62.252 61.401 60.017 61.476 62.764 62.323 62.575 62.978
57.442 58.079 58.314 58.444 56.708 56.708 56.708 56.708 56.708 56.708 56.708 56.708 56.708 56.708 56.708 56.708 56.708 59.102 56.708 56.708 58.83 60.474 60.013 59.48 56.708 56.708 56.708 56.708 56.708 56.708 56.708 56.708 57.286 58.7 58.792 58.704 58.067 58.503 58.897 59.736 59.971 57.622 57.148 58.104 58.595 59.547 59.853 60.147 60.671 59.937 59.404 59.404 59.404 59.769 59.82 59.371 59.371 59.761 59.698 59.727 61.124 62.512 62.562 61.879 60.394 60.184 60.222 60.642 60.973 60.017 63.506 64.76 62.747 62.323 62.39
57.307 57.324 57.471 57.412 56.708 56.892 56.708 56.708 58.213 57.911 56.708 56.708 57.496 57.211 56.708 56.708 56.708 57.232 56.708 57.089 60.147 60.26 59.845 59.413 57.408 56.708 56.708 56.708 56.708 56.708 56.708 56.708 58.754 59.887 58.985 59.01 58.561 58.964 58.972 59.459 59.757 57.66 56.997 58.108 58.587 59.031 59.35 59.916 60.344 60.482 59.404 59.404 59.404 59.488 59.417 59.371 59.476 59.698 59.782 60.021 60.092 60.583 61.363 60.818 59.891 59.43 59.383 59.467 58.943 61.275 64.332 64.412 62.806 62.357 63.087
