Data/morph/dem.asc
ncols         220
nrows         290
xllcorner     442500
yllcorner     5798500
cellsize      50
NODATA_value  -9999
[rows 33 to 65 of 290, columns 75 to 149 of 220]
-9999 70.07 69.172 68.589 68.115 67.406 68.774 67.645 67.394 67.36 67.44 67.733 67.83 68.434 68.807 68.493 68.576 69.08 70.59 72.305 74.922 78.671 80.03 80.236 77.598 74.117 69.847 68.744 68.744 68.744 68.744 70.577 70.699 71.084 71.852 73.123 74.981 76.142 76.57 77.526 77.929 77.723 76.314 74.599 74.779 75.253 74.905 74.981 74.796 74.192 74.909 74.775 74.381 73.953 73.974 74.595 75.056 75.48 75.291 75.299 76.402 77.367 78.898 78.311 80.118 80.106 80.139 80.437 81.016 81.875 82.316 80.55 77.665 76.025 75.182
71.047 71.076 71.881 71.714 70.619 68.115 67.406 68.22 67.184 67.159 67.163 67.125 67.478 67.943 67.654 67.528 68.291 68.874 70.627 72.041 75.937 79.162 79.833 81.108 79.611 74.884 70.342 68.744 68.744 68.744 68.744 70.061 69.659 70.233 71.617 73.689 74.934 75.79 77.543 79.422 79.384 79.3 78.013 75.853 74.599 73.714 73.714 74.255 73.857 73.836 74.255 74.205 74.138 73.639 73.488 73.748 74.268 74.544 75.169 76.159 76.872 78.373 77.795 78.592 80.017 80.781 80.152 80.324 81.217 82.01 81.942 80.273 79.086 77.031 75.354
71.059 71.198 71.76 72.276 71.298 70.313 66.421 66.295 66.329 66.907 67.155 67.566 67.125 66.765 65.578 66.098 67.138 68.522 70.527 73.118 77.023 79.003 79.271 80.848 79.284 75.295 71.248 68.878 68.744 68.744 68.744 68.744 69.403 70.049 71.915 74.326 74.565 76.746 78.516 80.642 80.659 80.366 78.462 77.061 75.496 73.261 73.152 73.366 73.379 73.513 73.236 73.399 73.718 73.253 72.867 73.295 73.815 75.211 76.495 77.04 77.82 78.046 76.604 76.721 78.919 80.412 79.955 79.611 79.854 80.647 81.448 81.087 79.862 79.611 78.051
71.961 71.672 71.726 72.276 71.676 70.699 69.071 65.892 65.381 66.119 66.752 65.905 65.381 65.469 65.381 65.712 66.672 67.23 70.2 72.787 75.601 78.47 77.996 79.476 78.441 73.865 69.856 68.744 68.744 68.744 68.744 68.744 69 69.755 71.382 74.901 75.715 77.388 79.246 80.978 80.928 80.131 78.164 76.771 74.775 72.687 71.856 72.749 73.06 72.661 72.548 72.548 72.993 72.645 72.435 73.118 73.773 75.115 75.333 76.381 77.606 77.602 75.92 75.283 76.931 78.097 78.105 78.298 78.579 78.789 79.791 80.517 80.215 79.187 77.74
71.558 71.336 71.508 72.066 71.097 70.233 69.088 67.713 66.454 65.381 65.381 65.381 65.381 65.381 65.381 65.8 66.228 67.159 69.344 71.542 74.586 76.39 76.675 78.147 77.078 73.056 69.357 68.744 68.744 68.744 68.744 68.744 68.744 68.799 69.768 73.982 75.849 77.178 78.81 80.017 79.757 78.197 76.964 75.773 73.685 72.07 71.747 71.747 71.747 71.747 72.557 72.561 72.745 72.582 72.426 72.867 73.274 73.852 73.693 74.792 75.882 75.66 74.05 73.026 74.502 75.002 75.262 77.371 77.895 77.119 77.107 78.009 78.428 77.409 75.677
71.206 70.841 70.971 71.512 71.584 70.803 69.633 68.66 67.553 66.37 66.073 65.381 65.477 65.754 65.586 65.381 65.662 66.526 68.74 71.152 73.802 74.712 76.524 78.097 77.065 72.695 69.155 68.744 68.744 68.744 68.744 68.744 68.744 68.744 68.744 72.892 76.109 77.375 78.462 77.929 77.589 76.75 75.853 73.886 72.724 71.747 71.747 71.747 71.747 71.747 72.674 72.431 72.255 71.982 71.978 71.944 72.431 72.284 72.292 73.299 73.479 72.976 71.797 70.908 71.755 72.749 72.951 74.771 75.719 75.475 74.461 75.744 75.568 74.259 73.379
70.69 70.405 70.892 71.097 71.143 70.288 69.659 69.029 67.884 67.247 66.215 65.381 65.788 66.828 65.23 65.23 65.23 65.23 67.721 70.304 73.743 75.27 75.534 77.195 76.717 73.769 70.942 69.26 68.744 68.744 68.744 68.744 68.744 68.744 68.744 72.158 74.888 75.58 76.277 75.975 75.983 75.828 75.912 73.685 71.747 71.747 71.747 71.747 71.747 72.116 74.259 73.89 72.699 72.049 71.982 71.609 71.579 71.718 71.193 71.378 71.588 71.374 71.038 70.183 69.885 71.273 71.894 72.015 72.531 72.464 72.187 73.643 73.446 71.227 70.309
70.275 70.237 70.703 70.728 70.187 69.809 69.864 69.021 68.43 67.742 66.282 65.381 65.712 67.075 65.23 65.23 65.23 65.23 66.727 69.629 72.737 74.876 75.312 76.235 74.876 73.42 72.246 70.732 68.744 69.088 69.407 69.499 68.866 68.744 69.176 72.871 73.563 73.769 74.603 74.716 75.207 75.53 76.52 73.479 71.747 71.747 71.747 71.747 71.747 72.867 74.536 74.557 73.534 72.657 71.974 71.458 71.152 71.206 70.636 71.017 70.611 70.334 70.334 69.675 69.675 69.948 70.187 69.738 70.057 71.152 71.063 71.6 70.803 69.44 68.87
70.141 70.166 70.023 70.023 70.057 69.709 69.709 69.99 70.418 68.807 67.042 65.381 65.544 66.329 65.23 65.23 65.23 65.23 66.752 69.763 71.659 74.31 74.247 75.144 73.693 72.376 72.242 70.497 68.744 69.688 72.368 72.506 71.575 69.097 68.744 71.118 72.208 73.077 73.857 73.89 74.645 75.564 76.545 74.18 72.502 71.747 71.747 71.747 72.003 72.905 74.037 74.515 73.848 73.173 71.974 71.013 70.464 70.489 69.99 70.732 70.552 70.871 71.084 70.552 69.675 69.675 69.549 68.941 68.17 68.723 69.344 69.805 68.857 68.312 67.817
69.86 69.977 70.049 70.124 70.439 70.011 70.174 70.812 70.514 69.591 68.547 66.517 65.486 66.207 65.234 66.169 65.23 65.49 67.121 69.679 71.424 73.181 71.374 71.714 71.739 70.036 69.717 68.417 68.061 71.768 73.764 74.41 72.72 70.569 69.541 70.829 72.762 73.383 73.731 74.255 75.467 76.486 76.608 75.748 73.353 71.747 71.747 71.747 71.932 72.372 73.437 73.731 74.599 73.92 72.666 70.975 70.116 69.742 69.822 70.342 70.77 71.131 71.655 72.288 70.212 70.225 70.476 68.916 67.692 67.595 67.822 67.805 66.937 66.891 67.012
69.919 69.86 69.642 69.587 70.074 69.545 70.325 71.105 71.646 72.481 72.129 69.814 68.216 67.96 65.825 65.486 64.731 64.466 65.993 68.488 70.317 70.367 69.508 71.521 68.795 67.629 67.696 67.209 68.484 71.999 74.515 74.305 72.544 71.646 71.269 72.443 73.974 74.838 75.383 76.289 76.373 77.518 77.556 76.306 74.381 71.747 71.936 72.376 71.902 72.393 72.146 72.762 73.92 73.244 72.049 70.925 69.952 69.227 69.378 69.902 70.392 70.824 71.11 72.116 70.556 69.633 70.736 69.004 67.553 67.088 66.932 66.572 66.58 67.176 66.97
69.734 69.21 69.155 69.059 69.734 69.134 70.501 71.294 73.269 73.743 73.529 72.468 71.55 68.723 67.541 65.188 63.993 63.888 65.267 66.886 68.233 68.254 67.855 68.161 67.994 66.018 65.603 66.048 68.174 70.363 73.655 72.557 70.682 71.21 71.21 72.934 74.024 75.987 77.409 78.873 79.544 79.9 78.348 76.713 75.438 71.659 72.376 73.467 72.712 71.89 71.584 72.657 74.435 73.404 72.028 70.778 69.973 68.954 68.849 69.612 70.485 70.569 70.619 71.848 70.795 71.063 69.197 69.008 67.771 66.853 66.58 66.291 66.723 67.851 67.1
69.944 68.849 68.87 69.013 68.983 69.025 69.642 70.984 72.527 73.446 74.112 73.693 70.933 69.411 68.035 65.632 64.173 63.623 64.466 65.959 67.092 68.887 67.813 66.932 66.761 65.158 65.054 65.339 67.058 68.568 71.772 70.682 71.412 71.999 72.863 74.016 75.815 78.155 79.359 80.328 80.999 81.07 79.254 77.753 76.218 71.659 72.238 73.97 72.498 71.894 71.584 72.947 72.77 72.317 71.206 70.845 69.927 69.214 68.505 69.159 69.768 69.965 70.661 71.529 71.378 70.569 69.059 68.27 67.834 66.677 66.295 66.199 66.924 67.687 66.911
70.795 68.891 68.849 68.904 68.849 69.885 68.866 69.931 71.227 72.867 73.949 74.788 69.914 70.946 68.069 65.494 64.177 63.556 63.548 64.475 65.184 66.463 66.24 65.863 65.179 65.339 64.777 65.041 65.897 67.26 69.201 71.173 72.347 72.724 74.251 75.694 77.799 79.552 80.303 80.689 81.649 81.85 79.938 78.969 76.738 72.292 71.248 74.28 72.573 71.898 71.584 72.154 71.722 71.068 70.963 70.145 68.958 68.623 68.337 68.807 69.05 69.642 71.022 71.483 70.728 69.696 68.505 67.213 66.97 66.668 66.06 66.639 67.868 66.962 66.215
70.858 69 68.933 68.849 68.849 69.281 68.849 69.633 71.5 73.173 73.672 74.205 71.655 70.522 68.262 65.255 63.833 63.179 63.179 63.871 64.395 65.012 65.377 65.918 64.886 65.07 64.613 65.263 66.039 67.302 69.579 72.259 73.202 73.764 75.421 77.598 78.432 79.141 78.973 79.229 80.928 81.951 80.651 79.422 77.489 72.141 72.158 71.248 70.904 72.351 70.975 70.904 71.357 70.464 70.095 69.596 69.08 68.124 68.069 68.069 68.262 69.638 71.193 71.844 70.518 68.837 67.931 66.631 66.245 66.404 65.842 66.375 67.033 65.616 65.356
71.5 69.298 68.849 68.849 68.849 68.849 68.849 69.289 71.881 73.542 74.364 74.196 72.984 68.954 68.522 65.276 64.366 63.586 63.271 63.179 64.135 64.659 64.877 65.125 64.517 64.483 65.41 65.309 66.5 67.591 69.222 71.604 72.72 73.089 74.356 75.715 77.174 78.285 79.518 80.47 81.007 81.758 80.613 79.229 77.237 72.716 72.125 71.282 71.038 70.443 70.447 71.793 71.403 70.132 70.015 69.927 69.537 68.258 68.069 68.069 68.245 68.807 69.369 69.709 69.679 68.107 67.18 66.173 65.473 65.762 65.678 67.104 66.291 64.81 64.571
72.007 69.713 68.849 68.849 68.849 68.849 68.849 69.755 72.506 73.567 73.81 73.295 72.72 70.447 67.511 66.32 65.284 65.251 63.447 63.179 63.816 64.018 64.412 64.408 64.198 64.605 65.586 66.119 66.924 68.686 70.766 72.657 73.228 73.429 73.957 74.897 77.468 78.378 78.885 80.433 80.835 81.527 80.613 79.124 76.453 72.506 71.16 70.489 71.42 70.388 70.057 70.594 70.875 70.518 70.33 70.132 69.663 68.933 68.237 68.069 68.509 68.702 68.656 69.013 68.816 68.673 68.526 66.131 64.785 64.915 65.88 66.962 66.178 64.831 64.257
73.571 70.254 69.063 68.929 68.849 68.849 69.566 69.864 72.347 73.274 73.194 72.087 70.254 68.686 68.086 66.626 65.662 66.19 63.384 63.003 63.116 63.548 63.829 64.081 64.492 65.469 66.064 67.004 68.199 70.04 72.959 75.404 74.725 74.163 75.501 76.155 77.216 79.137 79.216 80.089 80.559 80.336 79.778 77.568 74.498 72.401 71.198 70.057 70.057 70.057 70.057 70.179 70.623 71.219 71.08 70.208 69.478 68.849 68.161 68.069 68.3 68.451 68.237 68.719 68.392 68.295 67.671 65.59 64.538 65.41 66.643 66.505 65.544 65.012 64.307
74.247 70.64 69.466 69.424 69.302 69.21 68.849 70.25 72.645 72.687 70.749 69.839 67.847 65.934 64.626 65.85 65.267 64.294 62.856 62.856 62.856 63.217 64.026 64.24 64.613 65.364 66.064 67.033 69.231 71.135 74.389 76.667 76.864 75.622 74.284 75.207 76.381 78.977 79.355 78.843 79.51 79.942 78.998 77.551 76.272 72.666 71.068 70.3 70.057 70.057 70.057 70.09 70.33 71.055 70.665 69.776 69.13 68.585 68.648 68.669 67.851 68.048 68.186 68.199 68.019 67.209 66.5 65.335 64.378 64.303 64.768 64.651 64.802 64.647 64.626
74.008 71.516 69.793 69.73 69.289 68.421 69.449 71.5 72.477 70.187 68.795 70.279 70.296 68.979 63.875 62.898 62.898 63.384 62.856 62.856 62.856 62.856 63.896 65.142 65.683 65.179 65.85 67.473 70.967 72.099 75.429 76.742 76.503 76.348 74.859 75.283 76.314 77.753 77.962 77.983 78.554 80.026 79.661 78.285 76.566 72.435 71.433 70.216 70.057 70.057 70.699 71.286 70.665 70.439 70.489 69.931 69.231 68.585 68.119 68.174 67.65 67.608 68.023 68.304 66.425 66.282 65.762 64.886 65.402 64.664 64.303 64.399 64.366 64.278 64.974
72.527 70.871 69.554 69.08 68.878 68.421 69.663 70.954 72.003 71.034 68.488 70.594 71.311 70.065 66.412 63.036 63.514 62.856 62.856 63.431 63.007 62.856 62.856 64.102 64.236 65.712 67.205 66.773 71.143 73.269 74.876 75.92 75.404 75.673 74.414 74.536 74.821 76.033 76.281 77.17 78.164 79.51 80.173 78.667 76.801 74.129 70.984 70.057 70.057 70.057 70.757 69.881 69.663 69.927 70.321 69.927 69.097 68.392 68.056 67.453 67.314 68.178 68.103 67.507 65.59 65.59 65.985 66.702 67.31 65.544 64.601 64.286 64.424 64.248 64.546
71.516 69.558 68.346 68.04 68.195 68.572 70.636 71.298 70.405 68.488 68.488 71.323 71.139 68.866 65.884 64.592 63.259 63.338 63.686 63.376 62.894 62.856 62.856 63.514 65.045 65.515 67.595 67.503 69.721 73.043 74.523 74.7 73.848 72.871 73.043 74.029 74.733 74.842 75.199 76.851 78.059 79.053 79.686 78.466 76.142 74.637 71.768 70.288 70.057 70.07 69.956 69.91 69.39 69.39 69.814 69.889 69.147 68.644 68.287 67.272 66.836 67.528 67.616 67.411 66.022 65.59 65.8 66.748 66.773 65.67 64.408 64.387 64.286 64.248 64.424
71.982 69.524 68.086 67.801 67.809 69.235 71.885 72.292 68.992 68.488 68.648 71.37 71.479 68.237 65.364 64.047 63.527 63.972 63.582 63.187 62.994 62.856 62.856 63.674 64.458 64.827 66.551 68.476 71.147 74.263 74.695 73.588 72.745 72.171 72.057 74.008 75.215 74.599 74.381 75.832 76.935 78.147 78.688 76.918 74.192 73.064 71.084 70.837 70.342 70.304 69.805 69.491 69.39 69.39 69.39 69.39 68.849 68.446 68.161 67.163 66.266 66.811 66.777 66.857 65.909 65.02 65.02 65.02 64.731 64.324 64.617 64.437 64.32 64.521 64.156
70.577 69.113 68.014 67.801 68.312 69.512 69.596 68.958 67.213 68.291 69.826 70.996 70.476 67.574 65.2 63.426 63.821 63.141 63.108 63.053 63.2 63.099 62.856 63.208 64.68 67.335 66.92 68.514 70.862 73.525 74.326 73.781 72.38 70.611 71.374 72.963 73.836 73.492 72.884 73.655 73.94 76.469 76.952 75.375 73.207 72.099 72.263 71.177 70.606 70.371 70.12 69.39 69.39 69.39 69.675 69.809 69.566 68.631 68.199 67.26 66.219 66.165 66.257 65.804 65.288 65.515 65.339 65.653 64.852 64.324 64.366 64.374 64.571 64.185 64.076
70.246 69.021 67.973 67.696 67.838 67.595 66.861 66.861 66.987 66.681 68.887 69.747 69.05 66.467 64.68 63.221 63.586 62.856 62.856 63.095 63.393 62.91 62.969 62.856 64.022 66.97 68.421 69.369 71.105 73.735 74.641 73.655 71.718 69.331 70.225 71.613 72.393 73.412 72.9 72.129 72.263 73.966 75.249 74.872 72.762 73.341 74.834 73.819 72.867 71.978 71.068 70.103 69.39 69.734 70.82 71.42 71.776 70.325 68.845 67.528 66.752 66.14 66.14 65.691 65.796 66.358 67.234 68.161 65.674 64.538 64.202 64.55 64.081 64.047 63.829
69.277 69.47 68.816 67.595 67.805 67.473 67.44 66.551 66.874 66.316 68.413 69.193 68.887 66.635 63.9 63.078 62.999 62.856 62.856 62.856 63.137 62.856 63.296 62.856 63.087 64.089 67.96 69.65 71.802 73.542 73.852 72.825 71.009 68.287 67.742 69.923 70.317 72.875 72.343 71.483 71.827 73.395 75.09 76.407 75.564 75.459 77.212 76.1 75.304 74.05 72.632 71.852 70.619 70.149 71.894 73.295 72.825 71.558 69.881 68.014 66.962 66.4 67.213 66.027 66.308 67.289 68.841 67.478 66.165 65.016 63.993 64.521 63.976 64.097 63.921
69.164 67.964 67.26 66.287 67.222 64.651 65.255 65.087 66.136 66.589 67.893 69.126 69.44 67.05 64.404 63.284 62.856 62.856 62.856 62.856 62.856 62.978 63.229 62.856 63.728 65.364 64.961 67.004 70.959 72.334 72.347 71.412 69.357 66.61 66.438 68.438 68.342 70.174 71.16 70.871 71.986 73.928 75.039 75.987 76.591 75.895 76.851 76.172 75.467 74.188 73.173 72.112 70.858 70.808 72.083 73.018 73.282 72.326 70.812 68.425 67.369 66.731 66.589 66.35 65.842 66.928 68.904 68.354 67.13 65.788 64.097 63.993 63.913 63.556 63.741
68.698 67.532 66.765 65.406 64.177 64.156 64.978 66.081 65.85 66.404 67.079 69.361 69.977 67.394 64.869 63.485 62.856 62.856 62.856 62.856 62.856 62.856 62.877 62.856 62.877 64.957 65.918 68.186 68.543 71.512 71.303 70.015 68.111 66.505 65.678 66.534 67.264 68.744 70.011 70.682 72.439 74.347 74.934 74.641 75.463 75.043 76.063 76.155 75.178 73.79 73.282 72.46 70.925 70.493 71.21 71.47 71.596 71.588 70.988 69.411 67.478 66.819 66.119 65.846 65.842 67.843 68.996 68.249 67.478 65.104 63.032 62.462 62.462 63.129 63.405
67.83 64.898 64.898 64.206 64.156 64.156 64.521 65.402 65.444 65.926 66.714 67.952 68.174 66.454 64.416 63.254 62.856 62.856 62.856 62.856 62.856 62.856 62.856 62.856 62.856 63.808 65.603 66.45 66.719 70.229 70.174 68.958 67.616 66.261 66.257 65.507 65.884 67.314 68.245 70.254 72.368 73.81 73.71 72.892 73.55 73.639 75.06 76.042 75.631 74.368 73.542 72.263 70.975 69.784 70.351 70.279 70.204 70.619 71.152 70.17 67.889 66.354 65.628 66.069 64.71 65.255 66.06 67.419 67.205 64.84 64.114 63.351 62.462 62.462 62.986
68.774 67.864 65.909 64.156 64.617 64.705 63.644 64.454 65.377 65.251 66.438 66.857 67.18 66.32 64.559 63.531 62.856 62.856 62.856 62.856 62.856 62.856 62.856 62.856 62.856 62.856 64.726 66.576 68.191 69.654 70.229 69 67.05 65.867 65.569 65.02 64.848 66.077 68.178 70.137 71.588 72.271 71.73 70.422 71.156 72.552 74.255 74.779 74.934 74.142 72.338 70.539 69.663 68.857 69.235 69.042 69.164 69.461 70.107 69.243 67.419 66.362 65.351 65.167 64.584 64.315 65.087 65.788 66.459 66.37 65.934 65.184 63.225 62.495 62.462
68.4 65.481 64.156 64.278 64.156 64.672 63.644 63.904 65.343 65.251 65.993 66.417 66.069 65.771 64.341 63.38 62.856 62.856 62.856 62.856 62.856 62.856 62.856 62.856 62.856 62.856 64.827 67.289 69.633 69.084 70.33 69.554 67.213 65.1 63.657 64.286 63.955 65.536 67.222 68.665 70.367 70.871 70.179 69.398 70.548 71.68 72.863 73.114 73.085 72.166 70.09 68.405 68.329 67.448 67.792 67.817 68.002 68.002 68.543 68.27 66.752 65.641 64.164 63.875 62.323 64.768 66.173 65.637 66.706 67.234 67.574 66.467 64.034 62.189 62.051
67.738 64.156 65.171 64.907 65.142 65.049 64.55 63.598 64.655 64.617 65.49 65.838 65.406 64.823 63.846 63.032 62.856 62.856 62.856 62.856 62.856 62.856 62.856 62.856 62.856 64.064 66.194 68.556 70.669 71.277 71.223 69.596 66.366 63.644 63.426 63.938 64.278 65.842 66.412 66.442 67.876 68.786 68.719 68.727 69.726 70.036 71.08 71.634 71.785 70.871 68.912 67.813 67.26 66.836 66.899 66.87 66.849 66.932 67.163 67.322 66.308 64.378 62.546 62.311 62.344 63.753 66.878 66.333 66.526 67.276 68.035 66.257 64.206 62.403 61.627
67.696 64.898 65.905 65.813 65.528 65.247 64.928 64.282 63.523 64.19 64.76 64.827 64.492 64.102 63.712 63.028 63.049 63.212 62.856 62.856 62.856 62.856 62.856 62.856 63.691 66.404 67.855 69.398 71.374 71.558 71.068 69.046 65.897 63.342 63.309 63.477 64.001 65.414 65.85 65.553 66.387 67.008 67.671 68.321 69.294 70.002 70.686 70.405 69.914 69.147 67.809 67.343 67.184 66.446 66.257 65.762 65.884 66.232 66.312 66.572 65.234 62.902 62.407 62.311 63.12 63.359 66.303 65.238 66.509 67.205 67.067 64.441 61.963 61.627 61.803
