Data/morph/dem.asc
ncols         220
nrows         290
xllcorner     442500
yllcorner     5798500
cellsize      50
NODATA_value  -9999
[rows 132 to 164 of 290, columns 75 to 149 of 220]
56.175 56.557 56.938 57.471 56.708 57.27 58.28 56.708 58.788 58.796 59.056 58.876 59.325 59.409 57.534 56.708 56.708 56.708 57.073 57.937 60.013 60.071 60.134 59.509 57.903 56.708 56.708 56.708 56.708 56.708 56.708 58.1 58.88 58.729 58.847 58.587 59.417 58.876 59.161 60.184 60.101 58.197 56.997 57.328 58.331 59.266 58.935 59.43 59.761 60.239 59.786 59.744 59.484 59.102 59.371 59.643 59.53 59.652 59.828 60.239 60.113 61.275 62.512 60.646 57.945 57.92 57.853 57.853 58.436 61.334 64.441 64.395 63.112 62.944 64.148
57.232 57.463 57.404 56.708 56.8 58.352 58.486 58.314 58.855 59.006 59.224 59.371 59.585 59.656 58.398 56.708 56.708 56.708 56.708 58.893 60.172 60.059 60.289 59.576 57.664 56.708 56.708 56.708 56.708 56.708 56.708 57.341 57.475 57.773 58.113 58.293 59.333 59.773 59.803 60.713 60.235 58.742 57.911 56.997 57.073 57.496 58.394 59.157 59.547 60.948 60.872 61.56 60.264 59.555 59.102 59.002 58.821 59.375 59.887 60.784 60.08 60.08 61.644 59.832 59.144 58.964 57.853 57.853 57.853 59.639 62.038 62.86 62.273 62.307 63.51
57.668 57.945 56.708 57.341 57.895 57.358 57.781 58.813 59.006 59.094 59.178 59.358 59.413 59.853 58.956 56.708 56.708 58.855 57.89 59.329 60.184 60.231 60.176 58.91 57.496 56.716 56.708 56.708 56.708 56.708 56.708 56.989 57.781 57.748 58.008 58.331 59.119 59.765 59.899 60.784 59.815 58.578 57.718 57.207 56.997 56.997 57.366 58.754 59.597 59.924 60.801 62.655 62.114 60.298 57.853 58.595 58.503 58.717 59.841 60.08 60.193 60.394 61.568 57.853 58.482 57.853 58.679 57.853 57.937 58.482 60.465 60.675 60.709 61.535 63.041
57.643 57.442 55.961 57.328 57.077 57.739 58.603 58.872 59.073 59.241 59.211 59.375 59.505 59.606 59.451 56.708 56.708 56.708 56.708 56.708 56.708 60.054 59.178 58.901 57.928 57.035 56.708 56.708 56.708 56.708 56.708 56.766 57.484 58.046 58.482 59.098 59.266 59.434 60.277 60.793 59.908 58.322 58.23 59.119 59.04 56.997 56.997 58.545 59.035 59.551 60.621 62.164 61.422 57.853 57.853 57.853 57.853 58.524 59.438 59.488 60.277 61.476 61.602 58.93 57.853 57.853 58.511 57.853 57.853 60.646 60.646 60.465 60.465 60.52 61.564
56.779 56.779 55.961 56.2 57.001 57.488 57.882 58.633 58.876 59.044 59.09 59.232 59.312 58.855 58.561 57.941 56.708 56.708 56.708 56.708 56.708 56.708 56.708 58.18 57.978 57.551 56.708 56.708 56.708 56.708 56.754 57.052 56.943 57.827 58.23 58.515 58.993 59.199 60.197 60.621 59.715 58.687 58.792 59.09 58.905 58.561 57.953 56.997 58.037 59.471 60.335 61.048 59.929 57.853 57.853 57.853 57.853 57.853 58.809 59.744 59.824 61.136 61.589 60.306 59.362 59.237 57.853 59.107 61.661 58.981 61.384 60.465 60.465 60.465 61.531
56.519 56.506 55.961 55.961 56.913 57.844 57.916 58.826 58.863 59.115 59.279 59.396 59.325 59.048 58.763 58.759 56.984 56.708 56.708 56.708 56.708 56.708 56.708 56.708 56.708 56.708 56.708 56.708 56.708 56.708 56.708 56.708 56.943 56.708 57.429 58.327 59.073 59.383 60.335 60.054 59.287 59.463 59.249 59.069 58.163 58.389 57.865 56.997 57.928 59.442 59.924 59.337 57.853 57.853 59.702 59.43 57.987 57.853 57.853 57.853 57.89 58.989 60.382 59.111 57.932 57.853 58.956 62.688 63.095 62.424 61.95 62.118 61.677 62.223 61.975
55.978 55.961 56.116 56.611 57.433 57.874 58.431 58.662 59.102 59.564 59.568 60.159 60.042 60.306 60.176 60.302 59.048 59.006 58.884 56.708 56.708 56.708 56.708 56.708 56.708 56.708 56.708 56.708 56.708 56.708 56.708 57.312 56.708 56.708 56.708 56.708 56.708 58.624 60.21 60.331 60.57 59.929 59.954 59.102 58.108 58.503 58.448 56.997 57.505 59.685 59.262 58.008 57.853 60.017 60.046 59.866 59.639 58.679 58.046 57.853 57.853 57.853 57.853 57.853 57.853 57.853 60.499 61.116 61.627 62.009 63.066 63.632 62.692 63.569 63.171
55.961 55.961 56.129 55.961 57.165 57.102 57.781 58.733 59.107 59.518 59.518 60.176 60.637 61.862 62.126 61.057 60 59.669 59.551 58.708 59.245 58.729 56.708 56.708 56.708 56.708 56.708 56.708 56.708 56.708 56.708 56.708 56.708 56.708 56.708 56.708 56.708 56.708 58.729 60.952 60.13 59.727 59.727 58.641 58.108 58.108 57.857 56.997 56.997 56.997 56.997 57.853 59.471 60.281 59.866 60.004 60.029 58.373 57.853 57.853 57.853 58.574 58.079 57.853 57.853 57.853 59.912 60.667 61.191 62.214 63.623 64.185 63.976 64.253 64.672
55.961 55.961 55.961 56.154 57.102 57.572 57.777 58.717 59.157 59.597 59.518 59.518 61.296 62.432 61.917 61.371 61.015 60.138 59.744 58.918 57.387 57.861 58.712 57.387 56.708 56.708 56.708 56.708 56.708 56.708 56.708 56.708 56.708 56.708 56.708 56.708 56.708 56.708 56.708 60.356 60.226 59.757 59.803 59.564 58.683 58.574 56.997 56.997 56.997 56.997 56.997 58.821 59.903 60.403 59.975 60.495 61.925 60.243 59.421 59.434 59.627 61.199 58.335 57.853 57.853 58.402 59.555 60.054 60.637 61.891 63.766 64.722 64.58 64.513 64.571
55.961 55.961 55.961 56.272 56.783 57.647 57.802 58.993 59.341 60.004 59.518 60.419 62.135 62.042 61.09 60.285 59.417 57.387 57.387 57.387 57.534 57.387 57.387 57.84 58.612 59.195 58.93 58.57 57.857 56.708 57.643 56.708 56.708 56.708 56.708 56.708 56.708 56.708 56.708 58.788 59.648 59.698 59.664 59.446 58.633 56.997 56.997 56.997 56.997 56.997 56.997 58.264 59.639 59.438 60.344 60.721 63.103 63.179 61.858 61.598 63.242 63.141 59.803 58.36 57.853 58.738 59.396 60.34 61.111 62.449 62.902 -9999 -9999 -9999 -9999
55.961 55.961 55.961 56.758 57.01 57.295 57.702 58.465 59.258 60.008 59.618 60.818 61.657 61.212 60.562 59.4 57.387 59.425 59.228 59.258 59.337 59.107 59.203 58.893 58.981 59.388 59.643 59.824 59.195 59.354 59.098 58.142 56.708 56.708 56.708 56.708 57.878 56.708 56.708 56.708 57.542 59.79 59.576 58.884 57.63 56.997 56.997 56.997 56.997 58.184 58.805 58.93 59.232 59.232 60.335 61.451 63.137 63.59 63.112 63.2 63.422 61.661 60.063 59.568 59.266 58.733 59.224 60.692 61.12 62.026 61.912 -9999 -9999 -9999 -9999
56.834 56.85 56.926 57.442 57.437 57.19 57.58 57.572 58.826 59.685 60.029 60.663 60.977 60.633 59.539 58.8 58.419 58.847 59.149 59.597 59.534 59.585 59.769 59.761 59.845 59.933 59.794 60.163 59.476 59.149 59.216 58.368 56.708 56.708 56.708 57.509 57.148 57.546 58.322 56.708 56.708 58.079 59.92 58.44 56.708 57.626 58.612 57.479 59.673 59.849 59.253 59.22 59.388 -9999 -9999 -9999 -9999 -9999 -9999 -9999 61.757 60.503 59.425 59.165 59.392 58.733 58.838 60 60.398 60.969 61.69 -9999 -9999 -9999 -9999
56.691 57.37 57.685 57.5 57.458 57.253 57.488 57.349 57.924 59.413 60.105 60.13 60.298 59.765 58.905 58.306 58.327 58.847 59.476 59.581 59.66 59.669 59.866 60 59.979 59.992 59.954 59.903 59.488 59.006 59.228 58.381 57.974 56.708 56.943 57.999 57.148 57.744 58.679 58.05 56.708 56.708 58.696 57.752 56.708 57.198 60.327 60.96 61.77 60.671 60.293 -9999 -9999 -9999 -9999 -9999 -9999 -9999 -9999 -9999 -9999 60.528 59.425 58.733 58.733 58.733 58.733 59.144 59.287 60.302 60.616 -9999 -9999 -9999 -9999
57.014 57.84 57.861 57.387 57.559 57.177 57.286 57.177 57.362 58.847 59.849 59.258 59.304 58.809 58.566 58.071 58.327 58.993 59.287 59.534 59.631 59.694 59.828 60.029 60.017 59.937 59.992 60.155 59.786 59.115 58.742 58.28 57.911 57.689 58.104 58.977 59.643 57.974 58.029 57.928 57.916 56.708 56.708 56.708 58.951 59.732 60.394 62.005 62.39 61.585 60.885 -9999 -9999 -9999 -9999 -9999 -9999 -9999 -9999 -9999 -9999 -9999 60.721 60.39 60.088 59.551 60.138 59.501 59.144 59.505 59.547 -9999 -9999 -9999 -9999
57.467 57.84 57.853 57.66 57.177 57.177 57.219 57.177 57.177 58.561 58.54 58.18 58.142 58.1 58.171 57.639 58.238 58.93 59.262 59.593 59.74 59.836 60.109 60.323 60.067 59.815 60.096 60.323 59.971 59.279 58.658 57.802 57.802 57.689 58.641 59.409 59.425 57.165 57.165 57.165 57.668 57.165 57.819 59.056 59.241 59.526 60.013 62.189 -9999 63.091 60.885 -9999 -9999 -9999 -9999 -9999 -9999 -9999 -9999 -9999 -9999 -9999 -9999 -9999 62.16 61.472 60.612 60.168 59.203 59.266 -9999 -9999 -9999 -9999 -9999
57.362 57.505 57.626 57.748 57.177 57.177 57.253 57.177 57.177 57.693 57.484 57.362 57.66 57.538 55.953 57.194 56.548 57.899 59.22 59.543 59.748 60.038 60.117 60.151 59.895 59.765 59.958 60.34 60.134 59.643 59.048 58.599 58.272 58.498 58.717 59.283 58.163 57.194 57.165 57.928 57.165 59.006 59.379 58.754 58.754 59.279 59.912 -9999 -9999 63.561 61.778 -9999 -9999 -9999 -9999 -9999 -9999 -9999 -9999 -9999 -9999 -9999 -9999 -9999 -9999 -9999 61.204 60.537 60.017 61.183 -9999 -9999 -9999 -9999 -9999
56.964 57.161 57.375 57.626 57.224 57.177 57.177 57.177 57.177 57.286 57.018 57.047 57.068 57.274 56.431 55.953 58.7 58.553 59.161 59.912 60.495 60.47 60.109 59.748 59.631 59.719 60.054 60.105 59.899 59.199 58.721 58.473 58.293 58.738 58.851 58.964 58.285 58.545 58.566 58.343 58.243 60.444 60.394 59.48 58.754 59.128 -9999 -9999 -9999 -9999 -9999 -9999 -9999 -9999 -9999 -9999 -9999 -9999 -9999 -9999 -9999 -9999 -9999 -9999 -9999 -9999 -9999 61.669 60.918 61.82 -9999 -9999 -9999 -9999 -9999
56.905 57.152 57.442 57.601 57.651 57.496 57.899 57.597 57.177 57.307 56.964 56.645 56.498 56.762 56.716 55.953 56.808 59.182 58.515 59.467 59.572 60.205 59.752 59.534 59.53 59.811 59.887 59.283 59.107 59.291 58.767 58.285 58.285 58.712 58.649 59.065 58.93 58.972 58.683 58.297 58.847 61.195 62.286 61.195 59.916 -9999 -9999 -9999 -9999 -9999 -9999 -9999 -9999 -9999 -9999 -9999 -9999 -9999 -9999 -9999 -9999 -9999 -9999 -9999 -9999 -9999 -9999 -9999 -9999 -9999 -9999 -9999 -9999 -9999 -9999
56.771 57.169 57.4 57.416 57.429 57.723 58.134 57.924 56.339 57.052 56.326 56.313 56.142 56.632 56.628 55.953 57.068 58.515 58.624 59.203 59.291 59.203 59.241 59.388 59.576 59.803 59.958 59.996 59.107 59.396 58.599 58.285 58.285 58.394 58.511 58.859 59.086 58.792 58.473 58.377 59.019 60 61.887 62.147 -9999 -9999 -9999 -9999 -9999 -9999 -9999 -9999 -9999 -9999 -9999 -9999 -9999 -9999 -9999 -9999 -9999 -9999 -9999 -9999 -9999 -9999 -9999 -9999 -9999 -9999 -9999 -9999 -9999 -9999 -9999
56.322 56.699 56.951 57.039 57.144 57.416 57.848 57.102 55.563 55.563 55.995 56.028 56.284 56.699 56.754 55.873 56.297 57.203 58.696 58.222 58.842 59.136 59.304 58.918 59.564 59.79 59.862 59.824 59.853 59.107 58.494 58.318 58.285 58.389 58.427 58.494 58.859 58.57 58.494 58.922 58.675 58.951 61.132 61.061 -9999 -9999 -9999 -9999 -9999 -9999 -9999 -9999 -9999 -9999 -9999 -9999 -9999 -9999 -9999 -9999 -9999 -9999 -9999 -9999 -9999 -9999 -9999 -9999 -9999 -9999 -9999 -9999 -9999 -9999 -9999
53.415 55.982 56.645 56.553 56.536 53.508 53.508 53.508 56.62 55.563 55.563 56.23 56.578 57.156 56.854 55.873 56.146 55.991 57.379 57.505 58.373 59.002 59.023 58.851 59.249 59.409 59.539 59.404 59.392 58.826 58.423 58.385 58.285 58.394 58.402 58.276 58.763 58.696 58.654 59.123 58.771 59.081 58.951 60.751 -9999 -9999 -9999 -9999 -9999 -9999 -9999 -9999 -9999 -9999 -9999 -9999 -9999 -9999 -9999 -9999 -9999 -9999 -9999 -9999 -9999 -9999 -9999 -9999 -9999 -9999 -9999 -9999 -9999 -9999 -9999
53.39 53.545 56.406 53.185 53.508 56.502 57.135 56.276 56.792 56.745 57.492 55.563 56.192 57.039 56.301 55.63 55.563 56.641 55.722 57.991 58.629 58.771 58.851 59.111 59.136 59.136 59.119 59.128 58.893 58.431 58.1 58.121 58.201 58.285 58.276 58.31 58.855 58.687 58.926 59.576 59.178 -9999 -9999 -9999 -9999 -9999 -9999 -9999 -9999 -9999 -9999 -9999 -9999 -9999 -9999 -9999 -9999 -9999 -9999 -9999 -9999 -9999 -9999 -9999 -9999 -9999 -9999 -9999 -9999 -9999 -9999 -9999 -9999 -9999 -9999
54.061 53.185 53.185 53.185 56.297 56.888 56.322 56.347 57.303 58.096 57.957 57.156 55.563 55.563 55.563 55.563 55.563 55.563 55.563 55.827 57.576 58.436 58.62 58.7 58.599 58.549 58.687 58.897 58.8 58.234 57.869 57.823 57.924 58.159 58.402 58.524 58.717 58.448 59.002 59.463 59.48 -9999 -9999 -9999 -9999 -9999 -9999 -9999 -9999 -9999 -9999 -9999 -9999 -9999 -9999 -9999 -9999 -9999 -9999 -9999 -9999 -9999 -9999 -9999 -9999 -9999 -9999 -9999 -9999 -9999 -9999 -9999 -9999 -9999 -9999
55.387 53.185 54.602 56.808 55.894 55.567 55.911 56.733 57.991 58.092 56.758 55.563 55.563 55.563 55.563 55.563 55.563 55.563 55.563 57.815 57.375 58.146 58.067 57.957 58.121 58.251 58.549 58.637 58.578 58.1 57.773 57.622 57.823 58.012 58.394 58.616 58.603 58.285 59.052 59.157 59.153 -9999 -9999 -9999 -9999 -9999 -9999 -9999 -9999 -9999 -9999 -9999 -9999 -9999 -9999 -9999 -9999 -9999 -9999 -9999 -9999 -9999 -9999 -9999 -9999 -9999 -9999 -9999 -9999 -9999 -9999 -9999 -9999 -9999 -9999
55.647 53.185 53.298 53.587 54.711 56.997 57.492 57.681 57.945 57.538 57.559 56.477 55.563 55.642 55.563 55.563 55.563 55.563 55.563 56.162 57.274 57.79 57.748 57.693 57.794 57.995 58.385 58.54 58.276 57.786 57.475 57.513 57.651 57.92 58.289 58.348 58.1 58.557 59.14 59.153 59.153 -9999 -9999 -9999 -9999 -9999 -9999 -9999 -9999 -9999 -9999 -9999 -9999 -9999 -9999 -9999 -9999 -9999 -9999 -9999 -9999 -9999 -9999 -9999 -9999 -9999 -9999 -9999 -9999 -9999 -9999 -9999 -9999 -9999 -9999
54.334 53.185 53.185 53.185 53.185 55.458 55.81 56.88 57.186 57.152 57.395 56.703 55.563 55.563 55.676 56.091 55.563 56.691 55.563 56.511 56.934 57.089 57.299 57.425 57.773 58.033 58.222 58.448 58.104 57.668 57.366 57.437 57.5 57.832 58.272 57.773 58.033 58.826 59.098 59.346 59.618 59.539 -9999 -9999 -9999 -9999 -9999 -9999 -9999 -9999 -9999 -9999 -9999 -9999 -9999 -9999 -9999 -9999 -9999 -9999 -9999 -9999 -9999 -9999 -9999 -9999 -9999 -9999 -9999 -9999 -9999 -9999 -9999 -9999 -9999
53.185 53.185 53.185 53.185 53.185 53.185 53.185 56.59 57.052 56.703 56.943 55.731 55.563 56.116 56.821 56.98 57.362 57.416 57.228 56.762 56.892 56.406 56.313 57.408 57.614 57.962 58.129 58.142 57.71 57.404 57.135 57.375 57.66 58.259 57.983 57.496 58.201 58.704 59.186 59.568 60.05 60.377 -9999 -9999 -9999 -9999 -9999 -9999 -9999 -9999 -9999 -9999 -9999 -9999 -9999 -9999 -9999 -9999 -9999 -9999 -9999 -9999 -9999 -9999 -9999 -9999 -9999 -9999 -9999 -9999 -9999 -9999 -9999 -9999 -9999
53.185 54.288 53.185 53.185 53.185 53.185 53.185 53.193 55.852 56.838 56.93 56.079 55.563 56.364 56.334 56.976 56.699 56.85 57.085 56.578 56.548 56.817 56.313 56.36 56.854 57.542 57.542 56.561 56.75 55.785 56.322 56.846 57.756 57.79 57.127 57.005 57.941 59.266 59.887 60.289 60.495 60.86 61.342 -9999 -9999 -9999 -9999 -9999 -9999 -9999 -9999 -9999 -9999 -9999 -9999 -9999 -9999 -9999 -9999 -9999 -9999 -9999 -9999 -9999 -9999 -9999 -9999 -9999 -9999 -9999 -9999 -9999 -9999 -9999 -9999
53.185 54.653 53.185 53.185 53.185 53.185 53.185 53.185 56.498 56.943 56.737 55.76 55.63 56.909 57.232 57.27 56.838 56.515 56.158 55.886 55.886 57.098 56.737 56.313 56.083 56.922 56.594 54.988 55.202 55.202 55.202 55.202 55.563 56.787 56.695 56.607 57.505 58.947 60.163 60.046 60.528 59.908 60.323 -9999 -9999 -9999 -9999 -9999 -9999 -9999 -9999 -9999 -9999 -9999 -9999 -9999 -9999 -9999 -9999 -9999 -9999 -9999 -9999 -9999 -9999 -9999 -9999 -9999 -9999 -9999 -9999 -9999 -9999 -9999 -9999
53.185 53.185 53.185 53.185 53.185 53.185 53.185 53.185 55.013 56.762 56.062 55.408 55.731 57.198 56.54 56.582 56.716 56.326 56.439 55.886 55.886 55.886 56.175 56.695 56.527 56.066 56.049 54.988 56.443 56.859 56.536 55.714 55.202 55.202 56.238 56.326 56.326 56.343 57.035 58.91 59.585 61.392 61.438 -9999 -9999 -9999 -9999 -9999 -9999 -9999 -9999 -9999 -9999 -9999 -9999 -9999 -9999 -9999 -9999 -9999 -9999 -9999 -9999 -9999 -9999 -9999 -9999 -9999 -9999 -9999 -9999 -9999 -9999 -9999 -9999
53.185 53.185 53.185 53.185 53.185 53.185 53.185 53.185 54.082 56.54 55.571 55.189 56.28 56.393 56.284 56.594 56.586 56.536 57.442 57.245 56.41 56.07 55.542 55.793 55.865 56.049 55.974 54.988 57.135 57.224 56.993 56.745 56.557 56.393 56.729 56.716 56.326 56.326 58.398 60.369 61.363 62.437 62.701 -9999 -9999 -9999 -9999 -9999 -9999 -9999 -9999 -9999 -9999 -9999 -9999 -9999 -9999 -9999 -9999 -9999 -9999 -9999 -9999 -9999 -9999 -9999 -9999 -9999 -9999 -9999 -9999 -9999 -9999 -9999 -9999
53.185 53.185 53.185 53.185 53.185 53.185 53.185 53.185 53.889 56.511 53.843 55.68 56.074 56.028 56.213 56.322 56.234 56.288 57.349 57.303 56.519 55.772 55.542 55.726 55.894 55.642 54.988 55.093 56.183 56.301 56.67 56.884 56.783 56.607 56.67 56.884 57.228 58.138 59.023 60.704 61.598 62.365 62.365 62.789 -9999 -9999 -9999 -9999 -9999 -9999 -9999 -9999 -9999 -9999 -9999 -9999 -9999 -9999 -9999 -9999 -9999 -9999 -9999 -9999 -9999 -9999 -9999 -9999 -9999 -9999 -9999 -9999 -9999 -9999 -9999
54.158 53.608 53.185 54.07 53.185 53.185 53.185 53.185 53.185 55.58 53.323 55.156 56.028 56.15 56.154 56.217 56.272 56.351 57.068 57.203 56.582 56.125 55.898 55.489 55.307 55.135 54.963 55.676 57.198 57.622 57.794 57.806 57.433 57.383 57.177 56.859 57.177 57.177 57.815 59.341 61.64 62.474 62.73 -9999 -9999 -9999 -9999 -9999 -9999 -9999 -9999 -9999 -9999 -9999 -9999 -9999 -9999 -9999 -9999 -9999 -9999 -9999 -9999 -9999 -9999 -9999 -9999 -9999 -9999 -9999 -9999 -9999 -9999 -9999 -9999
