Data/morph/facc.asc
ncols         220
nrows         290
xllcorner     442500
yllcorner     5798500
cellsize      50
NODATA_value  -9999
[rows 38 to 75 of 290, columns 86 to 171 of 220]
32 0 0 0 288 7 0 0 13 12 10 0 0 0 1 6 17 291 9 71 12 11 10 9 4 0 0 0 1 1 0 2 5 2 3 78 2 2 36 0 1 3 10 342 2 0 1 5 0 1 0 3 15 3 0 8 1 0 0 12 0 0 3 0 4 0 5 0 0 20 4 375 1 0 0 0 1 -9999 -9999 -9999 -9999 -9999 -9999 -9999 -9999 -9999
30 0 0 2 289 8 19 16 1 0 0 2 0 0 1 1 1 310 156 73 70 67 3 2 1 0 1 1 2 2 1 0 1 11 4 79 3 43 2 0 0 1 3 0 347 1 0 8 1 2 1 0 20 15 9 0 2 1 1 14 0 0 5 0 1 7 14 2 0 21 399 17 16 0 2 0 0 -9999 -9999 -9999 -9999 -9999 -9999 -9999 -9999 -9999
22 0 0 4 290 9 24 3 2 1 0 0 0 0 0 0 0 470 0 1 1 2 59 1 0 0 4 0 6 2 0 0 1 18 5 80 4 45 0 0 0 0 1 2 0 350 0 10 0 5 10 11 37 54 0 1 3 4 0 15 1 0 7 0 1 0 22 4 0 430 7 0 0 13 11 1 0 -9999 -9999 -9999 -9999 -9999 -9999 -9999 -9999 -9999
16 0 0 8 305 10 30 4 3 2 0 1 0 1 1 0 0 471 1 0 0 1 2 53 39 37 30 0 14 3 0 0 2 0 25 81 53 1 0 0 0 0 0 2 6 352 0 14 0 0 0 0 1 2 58 60 63 9 1 16 0 3 0 8 1 4 5 28 432 0 0 4 0 0 1 3 0 -9999 -9999 -9999 -9999 -9999 -9999 -9999 -9999 -9999
3 4 0 6 0 348 0 0 0 0 0 2 1 0 4 0 2 475 0 0 0 0 0 8 3 1 0 27 8 1 0 0 1 3 30 143 6 2 1 0 1 0 0 0 1 9 369 0 0 0 0 0 0 1 0 0 1 76 2 17 0 5 13 9 0 1 2 462 0 0 0 0 1 0 0 0 0 0 0 1 0 -9999 -9999 -9999 -9999 -9999
1 3 0 4 0 1 355 3 1 0 1 3 0 3 5 1 479 1 0 0 0 0 0 0 5 0 0 2 2 2 0 0 0 4 180 0 0 1 0 3 2 0 0 1 2 3 384 2 1 2 0 0 0 1 4 0 1 2 80 18 1 21 0 1 0 0 1 468 1 2 0 0 0 0 0 0 0 1 5 3 0 -9999 -9999 -9999 -9999 -9999
1 0 2 0 1 5 357 0 1 0 2 4 1 0 10 2 483 0 1 0 0 15 9 8 2 4 1 1 1 0 0 1 3 4 188 0 0 0 1 12 1 0 0 0 1 2 388 5 3 0 0 2 0 0 0 6 0 1 5 81 127 1 0 1 0 0 2 3 475 23 19 3 0 4 1 1 0 0 0 10 -9999 -9999 -9999 -9999 -9999 -9999
0 1 3 4 5 6 371 2 1 3 0 0 7 0 13 3 487 2 2 0 22 3 2 2 1 1 1 0 0 0 0 0 3 0 190 0 0 0 1 16 0 0 0 1 0 0 0 402 1 0 4 1 0 0 0 1 7 0 1 6 129 0 0 2 0 0 0 1 502 0 0 13 5 0 2 1 0 0 0 11 -9999 -9999 -9999 -9999 -9999 -9999
0 2 0 1 2 3 372 6 0 5 0 1 0 8 0 507 31 30 26 25 1 0 2 1 1 0 0 0 0 0 0 2 0 1 2 202 0 0 0 17 0 0 2 0 2 5 0 403 0 6 3 0 0 1 1 0 10 0 0 141 0 0 0 4 1 0 0 1 505 3 0 1 4 0 6 4 0 0 14 0 -9999 -9999 -9999 -9999 -9999 -9999
0 1 0 1 2 11 393 409 6 1 2 0 0 11 0 601 48 47 2 1 0 0 0 0 0 0 0 6 5 0 0 0 1 2 3 0 203 206 0 18 1 0 2 6 15 17 25 430 14 12 0 0 0 0 2 2 4 12 0 143 0 0 2 5 2 0 1 0 0 516 0 0 0 0 2 16 1 0 0 16 0 0 0 -9999 -9999 -9999
0 0 3 0 7 1 1 0 416 3 1 0 0 12 604 0 11 0 43 40 38 34 23 1 0 10 8 0 0 0 0 1 2 3 4 0 0 0 209 22 0 0 4 6 0 0 3 437 17 1 0 1 1 0 3 8 9 19 0 145 0 0 5 6 3 0 3 2 517 0 4 1 0 0 0 1 19 0 0 19 1 2 -9999 -9999 -9999 -9999
0 0 0 5 0 0 0 1 417 0 3 0 1 622 3 1 4 4 2 1 0 2 9 20 17 4 3 1 0 0 0 0 0 0 1 7 2 0 0 234 0 0 1 0 0 1 0 1 457 0 0 4 0 0 0 0 1 32 149 1 0 0 1 8 12 0 4 524 2 0 1 0 0 0 0 0 21 0 0 0 27 0 -9999 -9999 -9999 -9999
1 1 1 0 0 0 0 1 420 5 1 637 633 1 0 0 0 3 0 1 0 1 8 0 0 0 0 0 1 0 0 1 3 9 10 11 27 1 1 237 1 0 0 0 0 0 0 1 460 0 0 7 0 0 0 0 1 185 0 0 0 0 0 1 26 0 530 1 0 0 9 0 3 0 0 0 0 24 0 0 0 28 0 -9999 -9999 -9999
0 4 8 4 0 0 1 4 426 647 638 0 0 7 6 5 4 3 2 1 0 0 0 6 3 2 0 0 3 0 0 1 3 0 1 2 3 30 2 241 2 1 0 0 2 4 6 0 0 464 8 0 1 0 1 1 2 11 202 1 1 1 0 0 5 33 533 0 1 10 0 7 1 0 0 1 4 73 45 40 38 36 0 -9999 -9999 -9999
0 0 0 11 25 27 0 0 37 1114 2 0 0 0 12 11 1 0 2 0 0 0 0 1 0 0 0 1 5 2 0 0 0 1 5 0 1 31 246 0 0 0 0 0 1 2 3 12 0 465 11 0 0 3 0 2 5 1 0 203 2 2 4 0 3 1 572 592 17 3 1 0 0 0 0 1 81 1 0 3 0 0 3 0 -9999 -9999
0 0 0 0 6 0 32 35 0 0 1118 2 0 18 1 0 8 0 0 0 0 1 0 0 1 3 0 8 5 1 0 0 1 2 0 7 32 33 323 0 2 2 0 0 0 1 4 6 21 478 0 0 1 7 1 0 0 0 0 1 211 0 6 0 0 0 1 1 597 1 0 0 0 0 1 89 0 0 0 0 0 0 0 -9999 -9999 -9999
0 0 2 3 0 0 0 0 0 2 1122 24 20 0 1 0 6 5 2 0 0 1 3 3 5 0 0 15 0 0 0 0 0 0 0 1 21 9 0 324 0 7 11 0 0 1 0 0 1 502 0 0 0 1 10 0 0 0 0 0 0 212 220 0 0 0 0 0 0 598 1 0 0 2 0 0 93 0 1 0 0 -9999 -9999 -9999 -9999 -9999
0 0 1 2 0 0 0 0 0 0 1126 26 0 12 11 2 1 0 0 0 0 1 6 11 0 0 0 18 1 1 0 0 1 3 1 18 0 7 0 4 330 0 1 374 375 379 380 381 382 889 0 1 0 0 944 948 950 952 955 0 0 1 0 223 1 0 1 2 1 600 2 1 0 1 7 0 0 97 0 0 1 0 -9999 -9999 -9999 -9999
0 0 1 2 7 0 2 1 0 0 0 1171 15 1 0 7 5 2 1 0 0 1 21 0 1 0 0 20 2 3 0 0 1 2 14 0 2 3 1 0 340 341 359 1 2 0 4 5 6 10 891 0 3 926 2 1 1 2 959 0 0 0 2 226 0 0 0 1 6 610 0 5 0 9 19 0 0 100 1 0 2 1 -9999 -9999 -9999 -9999
0 0 1 0 9 0 5 4 0 0 1 0 1174 1 0 0 0 1 0 0 0 2 25 2 1 1 0 0 24 7 1 0 0 3 2 0 0 2 0 1 5 14 0 0 1 0 1 1 2 0 913 914 917 2 1 0 0 0 4 961 0 3 0 232 0 1 0 0 1 2 612 0 6 0 21 0 121 18 14 10 3 0 -9999 -9999 -9999 -9999
0 0 1 4 5 10 6 5 0 0 2 0 1187 10 9 0 0 0 0 0 1 0 3 31 0 3 0 0 34 4 3 0 0 0 0 0 0 0 0 3 0 0 11 0 0 0 0 1 2 3 4 0 1 0 0 0 0 2 1 969 0 5 0 0 234 3 0 0 0 1 6 621 622 623 646 125 1 1 0 1 2 0 -9999 -9999 -9999 -9999
0 0 1 2 3 21 7 6 1 5 0 0 1190 0 0 6 3 1 0 0 1 2 8 34 0 5 1 0 42 1 0 0 0 0 0 0 0 1 2 0 6 7 0 0 0 0 0 0 2 3 0 0 0 3 1 0 0 0 0 0 970 0 8 0 0 240 0 0 0 0 0 0 0 0 0 775 0 0 0 0 0 0 -9999 -9999 -9999 -9999
0 0 1 2 3 26 8 7 2 6 0 0 1194 2 0 0 0 1 0 0 1 4 5 50 6 2 1 43 2 1 0 0 2 0 2 0 0 1 3 4 0 1 0 0 1 1 0 0 0 1 0 1 1 4 0 0 0 0 1 6 984 997 1 0 0 242 1 0 2 0 0 3 1 785 783 6 2 0 0 1 2 1 -9999 -9999 -9999 -9999
0 0 1 2 3 31 9 8 3 7 1 1 1195 2 1 0 6 5 0 0 2 0 1 0 58 5 44 5 1 0 0 0 4 1 4 0 0 0 0 0 0 0 4 0 2 3 0 0 0 1 4 8 0 8 1 2 0 0 2 1 2 3 1004 0 0 1 245 0 5 1 0 5 790 1 0 1 0 0 0 0 0 3 2 -9999 -9999 -9999
0 0 0 1 2 35 10 9 4 8 2 2 1196 3 14 12 4 3 0 0 1 5 0 2 60 51 7 0 0 1 0 0 6 7 1 1 0 0 0 1 1 1 6 1 3 4 1 0 1 2 0 0 9 0 19 4 0 0 0 1 1 2 0 1005 3 0 0 246 0 8 0 801 3 2 1 0 0 0 0 2 5 4 4 0 -9999 -9999
0 1 0 1 2 39 11 10 5 9 3 3 1197 4 23 5 2 0 2 0 0 1 6 66 0 63 2 1 2 0 0 1 16 2 2 0 1 0 1 1 6 0 9 2 4 5 2 1 0 1 3 2 0 32 0 0 1 0 0 0 0 1 2 1011 0 1 0 1 248 0 819 6 5 4 3 0 0 0 1 0 21 14 3 0 -9999 -9999
0 1 2 3 4 8 61 11 6 10 4 4 1198 31 1 1 1 0 0 0 1 2 12 132 64 1 0 0 4 1 0 2 21 0 5 0 2 0 1 2 0 9 10 3 5 6 3 2 0 0 2 10 51 5 2 0 0 1 0 0 0 0 0 1016 2 0 0 1080 1076 826 4 3 2 1 0 1 0 0 1 39 13 11 8 1 -9999 -9999
1 0 2 0 1 0 0 75 7 11 5 5 1237 5 0 0 0 0 0 0 0 1 15 133 2 2 1 0 7 0 4 22 7 6 0 0 3 1 0 3 3 0 10 11 10 11 0 3 0 1 3 0 53 0 1 0 3 0 0 0 1 4 1 0 2425 1401 1090 7 6 5 4 3 2 1 0 0 1 1 44 1 0 1 1 5 0 -9999
0 3 0 3 0 0 1 76 8 12 6 1246 1 0 3 2 1 0 0 1 3 0 0 150 7 0 0 0 40 29 23 11 2 1 0 1 0 7 0 0 8 0 1 11 23 12 1 4 1 2 9 1 55 0 0 0 6 0 0 1 1 7 2431 2428 0 1 309 7 6 5 4 3 2 0 0 1 2 49 1 0 0 0 0 2 1 -9999
0 1 4 10 3 0 0 81 9 13 7 1256 8 7 5 3 1 0 0 1 2 7 10 164 0 0 0 45 0 14 13 0 0 0 1 0 2 8 1 0 10 1 0 2 36 0 13 8 0 0 1 12 57 0 0 11 1 0 0 1 4 8 2434 1 0 0 0 299 77 76 75 74 0 1 0 61 55 4 3 2 1 0 0 0 0 -9999
0 3 0 11 5 0 0 0 92 14 8 1260 2 0 0 0 0 0 1 1 0 0 178 0 3 0 0 63 15 1 0 0 2 2 0 0 1 3 11 1 11 2 0 1 40 15 10 0 0 0 1 13 76 17 16 14 1 0 0 2 5 2448 3 2 0 0 1 15 204 2 1 0 73 72 69 4 3 2 1 0 0 0 1 0 -9999 -9999
0 477 0 22 2 1 0 0 94 15 1272 1 0 0 0 0 0 0 0 2 2 1 181 0 0 0 0 69 3 0 0 1 8 1 0 0 1 4 16 14 3 0 0 1 4 74 0 0 0 1 2 116 24 5 4 3 0 0 0 4 6 2453 3 0 0 0 9 4 6 193 0 0 0 0 0 0 11 10 9 8 6 4 1 0 -9999 -9999
471 0 479 26 2 0 0 0 95 1299 9 6 3 2 0 1 1 1 0 1 5 13 201 205 0 0 72 0 0 1 2 10 0 0 0 1 1 0 6 36 1 0 1 0 1 77 1 0 0 4 121 0 0 16 0 1 0 0 2 8 2462 0 0 0 0 2 5 3 5 191 0 1 20 18 15 14 1 0 0 0 0 2 1 0 -9999 -9999
0 0 511 1 0 0 0 3 1397 0 0 0 1 0 0 2 2 2 0 1 3 1 4 0 282 74 0 0 0 5 11 0 0 0 1 3 0 3 0 47 0 1 2 0 0 0 82 0 0 6 123 0 0 0 12 2 0 0 1 9 2465 1 0 0 0 0 0 2 4 51 137 26 2 1 0 0 2 1 12 10 8 4 3 2 -9999 -9999
0 0 516 2 0 0 0 9 1401 2 1 0 0 0 0 4 3 4 0 0 0 0 0 0 286 1 0 2 0 0 18 1 1 1 2 5 6 0 6 49 0 2 10 3 0 0 86 0 0 138 6 0 0 8 2 0 0 1 7 10 2466 2 1 0 0 0 0 0 3 50 6 102 71 70 69 66 36 35 21 16 13 8 7 2 1 -9999
2 1 519 0 0 0 2 3 1415 2 1 0 1 1 0 1 9 8 2 0 0 0 0 292 2 1 0 3 1 0 20 2 10 7 0 0 0 8 68 1 0 0 12 1 0 0 90 1 139 0 4 0 0 2 0 0 0 1 2 19 2467 3 2 0 2 0 0 0 1 49 5 0 28 26 0 0 25 9 8 3 1 3 1 1 1 0
0 527 0 0 0 1 2 3 1421 0 1 0 4 0 0 25 21 1 0 0 0 1 1 293 0 0 5 0 0 3 25 41 0 0 0 0 2 3 73 1 0 0 13 3 0 0 233 140 1 0 2 1 0 0 0 0 0 1 2 20 2468 18 10 9 8 3 0 0 0 48 4 2 0 1 22 4 0 13 7 7 2 0 2 0 0 0
1 531 2 0 0 1 0 0 1423 0 45 42 41 0 31 3 1 0 0 0 1 1 4 295 1 6 0 0 0 1 0 48 5 0 0 0 0 1 76 2 0 1 14 5 0 0 240 5 4 0 0 0 0 0 0 0 1 2 3 21 2495 6 5 4 3 0 0 0 45 0 0 0 0 0 9 6 3 0 3 6 6 1 0 1 0 -9999
