Data/morph/slope.asc
ncols         220
nrows         290
xllcorner     442500
yllcorner     5798500
cellsize      50
NODATA_value  -9999
[rows 124 to 154 of 290, columns 71 to 141 of 220]
0.8899319 0.4899314 0.357498 0.7232354 0.5907661 0.8348783 1.13448 0.8305762 0.6699557 0.9207416 2.118991 2.386855 1.434553 0.6700296 0.9219775 1.272632 0.9410139 0.4022544 0.3281283 0.4376331 0.4152097 0.2578271 0.2392871 0.233218 4.057128 5.555196 2.077305 1.897515 2.004266 1.850433 0.4134102 0.02726988 0.06849888 0.05044688 0.06667919 0.189693 0.9780664 1.749158 1.538794 1.021083 0.6190406 2.204224 1.219061 0.09803183 0.8929577 1.518239 1.40731 3.019061 1.445197 0.9809782 0.5749751 0.7384548 0.9695345 1.185274 1.278139 0.7949195 0.9715564 1.48595 0.4777081 0.9937034 1.763605 1.247715 1.436778 2.212777 1.632898 1.368384 0.9781166 0.5723879 1.235471 0.2206011 0.4331047
0.9321463 0.3436036 0.4609045 0.9845185 0.8502967 0.8062189 0.9571369 0.7936872 0.4619229 2.813842 4.152892 4.70312 4.098958 2.410956 3.781521 3.631821 2.37814 1.043716 0.7054629 0.3965011 0.4578545 0.3270037 0.2427487 0.2391958 1.877405 5.047494 2.544363 2.119354 1.4913 2.860001 0.8880725 0.452974 0.2458659 0.05180729 0.035372 0.3193586 0.9215029 1.652275 1.323889 0.9834759 1.89254 2.122667 0.6498002 0.2497495 0.3570296 1.496732 0.9382875 2.882743 1.417176 1.070717 1.291922 1.655774 1.687863 1.614758 1.949314 1.756684 1.459268 1.351617 1.084844 0.7675614 0.7892258 0.6285478 1.163136 2.331307 2.375493 2.044578 1.748623 1.188728 1.054557 0.7866666 0.1351186
0.9878373 0.6439645 1.004994 1.128655 0.8479145 0.610268 0.5744198 0.7274185 1.380299 3.85028 3.128282 2.69097 4.494181 3.929588 2.919436 2.59145 3.488175 4.381375 3.660621 2.456679 1.551111 0.6888243 0.2960058 0.2298549 0.5856294 4.765806 3.376713 2.831633 0.1066412 3.063449 0.8686125 0.1308832 0.4976954 0.08848977 0.1382405 0.6327682 0.9607788 1.655735 1.805187 1.18515 1.383443 1.113774 0.3733897 0.263708 0.9025396 1.407769 1.060108 2.492995 1.635261 1.185331 1.555223 1.728173 1.470368 1.396088 1.817465 2.018073 1.901609 1.521579 1.671809 2.283961 2.206532 1.885429 1.76088 2.00193 1.273486 1.242461 1.425156 1.176836 0.576989 1.35737 0.595966
0.9400432 0.5188138 0.6567571 0.4502285 0.420136 0.8136995 0.8950116 0.8280413 2.41068 3.775628 1.708398 0.6306695 2.025247 2.112486 1.492495 0.6984125 3.208665 4.474046 5.120166 5.163516 4.75381 3.828026 3.344835 2.268394 0.5428857 4.093275 4.087615 1.64756 2.662912 2.513278 0.9736661 0.4020846 0.3775119 0.1241343 0.1734319 0.6887648 1.331443 1.796217 1.395473 0.8362655 1.048524 1.008817 0.571605 0.6335956 1.272744 2.057155 1.629862 2.817137 2.585191 1.592391 1.059819 0.5329308 0.5261788 0.7299705 0.982529 1.395733 1.511075 1.418108 1.312404 1.198747 0.9468544 0.6508923 0.6125611 1.691362 1.069892 1.516577 0.718478 0.5891874 0.8917539 1.497706 0.4029552
0.9551202 0.8980566 1.18559 1.284778 0.9372984 0.5722446 1.012882 0.7449518 3.595334 2.877744 0.6523102 0.2892257 0.5062543 0.5004966 2.247263 2.288621 2.29759 1.053862 2.052346 2.3659 3.387891 4.390948 5.183643 5.318319 2.398434 2.148304 5.019329 2.897554 1.263178 1.573723 0.6553139 0.1833882 0.09388407 0.1030129 0.1378099 0.8823063 2.259103 1.61734 0.4474469 0.6907678 0.8629693 0.8544142 0.7432942 0.6732908 1.854281 2.699801 1.286247 2.136447 2.107576 1.260524 0.4966141 0.2919533 0.4921471 1.062307 0.56355 0.7260695 0.7051437 0.5609948 0.4569782 0.2923353 0.5869599 0.3994085 0.3795484 1.605749 1.749251 1.744328 0.545463 0.8751099 0.9217006 2.228067 1.85364
1.034351 0.5514738 0.2731602 0.4345069 1.011774 1.53824 1.368012 2.167822 3.993169 1.380475 0.04313356 0.2947606 0.4508154 0.01716308 0.5761226 0.9978392 0.8336951 0.1468404 1.456149 1.181888 1.234007 0.7224014 1.39102 5.006644 4.632016 0.2318196 2.883794 4.883373 2.649715 0.2333528 0.4555765 0.2577555 0.1700393 0.1574387 0.4038234 1.543834 2.712966 1.385529 0.8165751 0.5393787 0.7187694 0.8202408 0.8922783 0.555387 2.011428 2.62248 0.2598981 1.728861 1.613226 1.314825 0.7187685 0.5068072 0.2147965 1.407431 0.9946986 0.4106746 0.2660333 0.4451081 0.2308688 0.4396265 0.733506 0.576991 0.3790762 1.38448 2.284815 1.585339 0.6239696 1.688327 2.273484 2.942796 2.929459
1.445545 1.401937 1.135806 1.015251 1.035957 0.9047971 0.8997269 2.165317 3.348907 2.172113 1.120803 1.651879 2.821978 2.838002 1.787719 1.191828 2.254288 2.516798 1.117295 0.8293952 2.314966 0.7294689 2.595041 4.209004 4.782345 0.572738 1.233217 3.775632 4.02433 1.018036 0.2651979 0.2851956 0.1647983 0.1803219 0.7430231 2.135672 3.022202 1.620752 1.321946 0.8918126 0.2873518 0.691526 0.9227969 0.8093957 2.021593 2.738773 0.4479458 1.5822 1.322814 1.289139 1.003952 0.9161767 0.19942 1.521259 1.056505 0.2134542 0.5013288 0.4602511 0.2656538 0.4742048 0.4124403 0.4009866 0.07394659 1.174882 2.23232 1.837106 1.476543 2.499748 2.351976 1.839012 2.448024
1.304717 0.5901038 0.760677 1.066422 1.355746 1.522846 1.36125 1.57825 1.356462 2.350669 3.218533 3.069807 3.940896 3.993386 4.254184 4.344586 4.814391 4.357637 3.115675 1.084007 2.589514 2.059099 0.6452178 4.206907 3.649285 0.2147677 0.8131699 2.728607 4.193357 2.006908 0.1089911 0.164599 0.2016372 0.2597818 1.413833 3.126697 2.820186 0.6450807 0.4730335 0.3854591 0.739001 0.6854929 0.9449784 0.9522727 1.951292 2.96607 0.219012 1.666075 1.365506 0.9526294 0.9504187 1.220453 0.7067342 1.036811 1.170991 0.6514311 0.2225986 0.3952068 0.2931439 0.2750717 0.4758831 0.3735404 0.4052661 0.6424776 1.414194 1.823251 0.672317 2.719539 2.764428 2.422723 2.651627
1.389664 1.015624 0.7317545 0.5191069 0.512013 0.4961661 0.3912964 1.173083 0.4088844 2.087131 3.165052 2.94259 2.859508 1.610908 3.164728 3.667156 2.916588 2.800958 4.445007 2.495447 0.9597588 1.760627 2.196485 3.598995 2.190581 0.0219916 0.6492598 2.394776 3.98983 2.474256 0.326198 0.04523424 0.1299698 0.3083249 2.230525 2.909524 1.594333 1.607338 1.154923 0.617518 0.6482969 0.8105161 1.375823 1.228845 2.10367 3.05177 0.932773 1.213677 2.007516 1.611071 1.273536 1.253292 1.100038 0.4705197 1.615268 1.82073 1.280701 0.3833799 0.240691 0.4027162 0.5244139 0.5757313 0.7444503 0.4692988 0.4457529 1.938823 0.3886554 3.332709 2.06295 1.141326 1.77873
1.048371 0.8959231 1.100392 1.471686 1.62463 1.025794 0.7427932 0.4753953 1.561332 1.483867 0.53781 1.583701 1.510563 0.3761476 0.3709827 0.4243639 0.4852835 1.30176 4.852236 3.487443 1.745483 2.823018 2.8998 3.491263 1.423081 0.1589998 0.7177569 2.570127 3.412969 2.353272 0.9354792 0.4257258 0.2686158 0.3304903 2.329678 2.435566 1.211292 1.041961 0.8174121 1.10967 1.170785 0.664399 1.286714 0.5962125 2.036319 2.509699 1.600067 0.3688237 1.578056 2.199384 2.062328 1.54675 1.42882 0.9713221 1.444201 2.367304 2.92895 1.903906 0.9556707 1.189758 1.032791 1.186258 1.221537 0.2389644 0.2369458 1.868153 1.670757 3.528443 1.189809 0.9370532 1.262166
1.635135 1.366621 1.148476 0.9777247 0.6012367 1.022732 0.9170669 0.8854342 0.8087063 0.7744543 1.002249 0.8987136 0.5089576 0.2715496 0.2622131 0.2820506 0.3800049 0.5812777 4.934933 4.234571 2.324133 2.170039 1.982394 3.460422 3.470758 1.852851 1.292353 2.373184 2.50215 2.06997 1.225423 0.7221655 0.6743499 0.03748371 1.929252 2.221356 0.810617 0.5712864 0.8213747 1.159602 1.173936 0.763263 1.097848 0.08111376 2.227407 2.059939 1.15765 1.787084 1.509325 0.2658138 2.140796 2.152441 1.49139 1.599688 2.195749 0.8810498 2.860645 3.834873 2.467855 2.024536 1.503205 1.635425 1.484754 0.8168525 0.4779807 1.642056 2.002099 3.294898 1.398408 0.7445349 0.9668715
0.97244 0.3880498 0.2479544 0.4564904 0.8256927 1.929054 1.214124 1.784412 0.8788681 0.9640039 1.217095 0.7957162 0.3779059 0.183604 0.2003601 0.2835616 0.3618248 0.7045352 3.862526 4.616879 0.227375 2.914371 3.80123 4.321142 5.245114 4.979547 3.621628 1.591697 1.6604 1.894809 1.276241 0.6172035 0.7414916 0.3357384 1.852587 1.79861 1.092991 0.8849373 0.8620631 0.8682837 0.7152814 1.029855 1.290179 0.3275661 2.271388 1.621618 1.046766 1.745319 2.384033 1.975913 0.9517836 2.098335 1.991693 1.82241 2.498115 1.594782 4.626618 4.573787 1.454078 1.191579 1.743665 2.11437 1.589048 0.9209171 1.422925 1.475098 2.307277 3.680786 1.65562 0.4912823 0.4639378
1.354825 1.314709 1.211676 1.205698 1.146696 1.489401 1.097444 1.903034 1.693687 1.084654 1.149273 0.8864307 0.3985027 0.2645229 0.197901 0.1967807 0.3125746 0.7255244 1.767096 4.165944 3.297617 1.235513 0.4621854 0.5472934 2.148074 3.820258 4.390656 3.843784 2.782729 1.867739 1.382775 0.9664592 0.420514 1.203576 1.429138 0.8177167 1.346834 1.498973 1.48628 1.209521 0.7531956 1.171748 1.230095 0.7840132 1.74518 1.114402 0.8386133 0.01632538 1.012605 1.411458 0.9844076 1.150956 2.502795 2.106064 1.781978 2.894518 4.732729 1.588935 2.185911 2.2088 0.580002 1.629244 2.402026 2.750021 3.104215 2.824138 1.565321 2.741346 1.331159 0.726402 1.859732
1.024172 0.8686837 0.460462 0.4761297 0.9187227 0.9629021 0.763476 1.333611 2.253343 1.065548 1.0451 0.9137955 0.5349006 0.577045 0.6884513 0.7904435 0.9870324 1.382074 1.799786 3.366602 4.53049 4.288016 3.439284 1.814722 0.09619357 0.6779692 1.428998 2.638666 3.046149 2.351569 1.37988 0.7732768 0.2765773 1.230122 0.7760059 0.5287952 1.360063 2.330612 2.914079 3.210717 2.986923 2.414686 1.13726 0.5591547 1.10291 1.195492 0.9444253 1.096998 0.900381 0.2890788 1.785351 0.2138585 2.837714 2.033154 1.245413 3.328956 1.867824 2.232593 2.82649 2.866369 2.607386 1.048748 0.8243403 2.184601 3.312687 4.098991 4.220892 3.629153 2.49769 0.8233231 4.135897
1.059489 0.9340173 0.5076334 0.7398829 1.338915 0.8662789 0.2979435 1.383613 1.683172 1.025311 1.171237 0.9039554 0.7466467 0.2630739 0.5322862 0.9303429 1.607151 2.593017 2.972295 3.146511 3.466694 3.74098 4.362288 4.247459 3.892738 3.328185 1.745715 0.3031587 0.3236821 0.7400814 0.4598778 0.1296335 0.4224173 0.7654896 1.118403 0.8510942 1.262176 1.53716 2.14116 2.924692 3.933926 4.780873 2.83612 0.3723594 0.9666281 0.5872673 0.7779789 2.001897 0.7804326 0.5165505 1.915286 1.194722 2.95818 3.446312 3.178018 1.40398 2.058497 3.005582 0.8757069 1.015686 2.085774 1.961528 1.449602 0.4349603 1.26815 1.258367 1.929471 2.059973 0.9181071 2.451997 4.051342
0.9458448 0.486544 0.4106043 1.587187 1.638108 0.9979785 1.268159 1.525848 1.236386 0.8277952 1.492758 1.182089 0.839461 0.2657163 0.736951 1.747903 1.898412 2.037987 1.798228 2.145332 2.02764 1.400026 2.189868 2.847583 2.340947 3.043069 3.805464 2.774984 1.428086 0.566564 0.4254125 0.2391016 0.07751537 0.3535027 0.9115478 1.091469 0.6615753 0.0700795 0.1071967 0.0892518 1.096336 3.917841 5.089549 2.025319 0.936317 0.5067016 0.7480062 2.015121 0.9372701 0.2907547 2.456009 1.712722 1.966693 3.01336 2.56583 2.134896 2.672091 1.237481 0.2666782 0.9931867 2.059499 2.807395 2.154382 2.167594 3.072366 2.965933 2.708455 0.6840048 1.040807 2.852771 2.832358
0.1954226 0.8036796 1.192974 1.563474 1.307773 0.7044548 1.365369 1.889762 1.316921 0.8138478 1.416557 1.419535 0.9393801 0.5513456 0.4247816 2.599655 2.470336 0.4689261 1.347144 1.608535 2.453816 2.876223 2.551346 2.305593 1.916412 1.536367 0.8404755 2.537314 3.708874 3.979625 3.716702 3.159282 2.392409 1.785515 1.532701 0.8631971 0.0120936 0.2506433 0.3344828 0.3849737 0.7688441 1.135128 4.64401 3.739274 0.8641115 0.3242963 0.4472063 1.520415 1.447355 2.044884 2.345993 0.8261008 0.08329803 0.2212865 2.464237 3.52105 1.69167 0.3948004 0.3715019 2.122943 2.918868 4.75802 4.682042 5.078797 5.819684 4.484665 4.597055 2.070143 1.561777 2.531409 1.935744
2.335279 2.332993 1.416059 0.7128851 1.072671 0.6505268 1.451525 2.045747 1.176793 0.8701235 1.263208 1.508242 1.11491 0.4761385 0.9661179 2.854757 1.669447 1.071401 2.173929 3.10884 3.684625 1.757021 0.4164613 0.8512736 1.786608 1.415579 1.05359 1.71266 2.897865 3.830045 4.144197 4.180834 4.226173 3.988446 3.701933 3.153225 1.082701 0.438746 0.2765236 1.097644 1.684767 1.078231 2.413125 4.618915 2.892351 0.8213365 0.4861739 1.441918 2.539884 2.283844 0.8998159 0.5344957 0.8660827 2.026545 2.784219 2.681967 1.203077 0.9845387 1.261968 2.711217 2.391828 3.159121 3.784205 3.843217 3.068332 3.302287 4.387565 2.950054 1.991181 1.670682 1.705478
0.959056 0.4856875 1.354426 1.371467 1.723715 2.074085 2.179536 1.97775 0.7462919 0.6478062 1.171012 1.724526 1.699946 0.4214101 0.8778151 2.018871 1.054351 1.809431 2.345125 2.925107 1.048745 1.846882 2.336402 2.218682 2.381018 2.993082 3.128686 2.272562 1.427431 0.9778039 1.021731 1.528233 2.070327 2.05081 2.382743 3.805696 2.279506 0.3472023 0.8616729 1.949486 1.349596 1.583121 0.9598424 1.876951 4.059987 2.75818 0.6784654 2.472762 2.299074 0.7635268 2.055042 2.350707 3.511003 3.827155 2.729726 1.521826 0.4854114 1.002665 2.036909 2.723009 2.128846 0.4369363 1.207351 0.5757104 1.459186 3.596357 2.656311 1.22419 1.170621 0.3933514 1.763031
2.372765 2.704559 2.285693 1.738054 1.338357 1.739517 1.876655 1.236856 0.4025722 0.2547758 0.6440261 1.466174 2.243485 1.337492 0.8741695 1.175105 1.213276 1.995318 2.269404 1.74409 0.3828776 1.268724 0.520251 0.4039703 0.3833671 0.5446252 0.7578758 0.9688097 0.9497501 0.643307 0.3835894 0.4317928 0.8524419 0.2296277 0.8505877 3.130503 2.962181 1.577681 2.013126 1.682503 0.3599842 1.179593 2.459086 2.280846 1.655615 4.217759 1.766943 3.313963 1.423486 2.259367 2.961559 4.492479 4.739487 3.004516 1.747579 1.011467 0.1721519 -9999 -9999 -9999 -9999 -9999 -9999 -9999 2.487417 2.785504 2.060647 1.421281 1.164924 0.7320697 1.630939
2.572861 1.018267 0.2821173 0.9499156 0.49667 1.18821 0.7083102 0.2445446 0.2787838 0.1301813 0.4184695 1.044167 2.405051 2.177399 0.9599789 1.18232 1.671308 2.003683 1.774298 0.8906025 0.5474313 1.000575 0.6955653 0.2756006 0.1008008 0.2307888 0.3182922 0.2276721 0.1548273 0.09961252 0.1189976 0.3842194 0.9727909 0.459673 0.7648061 1.786143 2.350319 2.229646 2.527054 2.08746 1.760605 1.082582 0.3053383 2.339492 1.588966 2.466104 3.337423 1.965557 1.551921 3.847799 3.509638 3.699231 2.944049 2.304516 1.806328 -9999 -9999 -9999 -9999 -9999 -9999 -9999 -9999 -9999 -9999 1.402632 1.679698 1.474158 0.8824356 0.9541519 0.9431551
1.45303 0.5495198 0.3801109 0.4682976 0.7048253 1.018626 0.3397689 0.4661628 0.5137318 0.3254308 0.5586526 0.8903365 2.418329 2.503952 1.510992 1.932561 2.009992 1.709422 1.274087 0.5932312 0.9385374 1.023824 0.6253166 0.3386192 0.1834937 0.2926824 0.4448828 0.2688096 0.1926277 0.03306425 0.2510923 0.4438652 1.087448 0.9224142 1.554437 1.598325 0.6068067 0.7690299 2.029478 2.000348 1.827154 1.293994 1.796698 0.8532968 1.795264 0.9071341 1.329989 1.743515 2.955473 2.71622 2.838815 2.407372 1.741174 2.498937 1.114928 -9999 -9999 -9999 -9999 -9999 -9999 -9999 -9999 -9999 -9999 -9999 0.6041214 2.760853 3.663511 3.14905 2.257797
0.549992 0.5346993 0.3850897 0.145123 0.5713576 0.4909143 0.1806301 0.7544488 0.5813922 0.2270607 0.5959222 0.4766694 2.077814 2.23242 1.952458 1.971878 1.617377 2.029015 2.252424 1.738609 1.737194 1.741688 0.9291482 0.4573168 0.3207847 0.425532 0.441025 0.1068339 0.3806647 0.1272832 0.4524604 0.1847735 1.019065 1.263517 2.056358 0.891587 0.6494945 0.8689917 1.617818 0.6414263 2.339231 2.603975 0.9174813 0.9363399 0.259154 2.216007 3.316784 2.314561 1.213831 1.167819 2.392837 2.98942 -9999 2.496772 1.953502 -9999 -9999 -9999 -9999 -9999 -9999 -9999 -9999 -9999 -9999 -9999 -9999 -9999 0.6925306 1.454896 1.468278
2.326097 1.614582 0.6874618 0.4941815 0.6139883 0.6720561 0.4596201 0.6248324 0.6586726 0.2131021 0.5446696 0.5559252 1.308293 1.374731 1.400175 1.215499 1.034299 1.758048 1.912935 2.024544 1.627174 1.710075 1.32909 0.7863952 0.7613326 0.5369114 0.01492077 0.4639976 0.5058621 0.2212147 0.5205976 0.1386747 0.8432708 1.166514 1.592624 1.471561 1.194798 1.007663 0.9970848 0.5064886 1.861074 1.932053 2.04746 1.464539 1.845137 3.090602 2.215775 0.8549109 0.4229654 1.162094 2.003342 -9999 -9999 1.15672 2.18422 -9999 -9999 -9999 -9999 -9999 -9999 -9999 -9999 -9999 -9999 -9999 -9999 -9999 -9999 -9999 0.5278677
1.178561 2.049817 1.66382 0.9843217 0.6039241 0.5272892 0.4599122 0.1946203 0.660815 0.5282807 0.7307881 0.9539543 0.7302384 0.3068676 0.6498215 0.7804462 0.9723503 0.9212608 1.591772 1.59522 2.926859 1.31807 1.182443 1.198146 0.5908656 0.07606528 0.580969 0.6029779 0.3279192 0.3279765 0.3535671 1.211746 1.577913 1.029051 0.9331877 0.6638885 0.2663929 0.5469804 0.399038 0.3573513 1.080893 1.600086 1.526687 1.220338 2.666311 3.512655 2.667271 2.835945 1.466541 0.5582086 -9999 -9999 -9999 -9999 -9999 -9999 -9999 -9999 -9999 -9999 -9999 -9999 -9999 -9999 -9999 -9999 -9999 -9999 -9999 -9999 -9999
0.7385431 0.6424364 1.752664 1.33411 0.5616673 0.5298659 0.4042908 0.08793201 0.2854612 0.7483342 1.043542 1.181659 0.1866878 0.4269451 0.8227661 0.8162335 0.8302263 0.5082687 1.534535 0.7280831 3.57814 1.314131 0.7970536 1.435098 1.208218 1.151657 0.9630821 0.4361784 0.2540425 0.379775 0.1310115 1.35203 0.6506757 0.2215219 1.016656 0.5942754 0.3984677 0.5702139 0.4490429 0.1559328 0.4672472 0.3646128 0.4923229 0.2328631 2.397063 2.994221 1.335411 2.971016 2.589965 -9999 -9999 -9999 -9999 -9999 -9999 -9999 -9999 -9999 -9999 -9999 -9999 -9999 -9999 -9999 -9999 -9999 -9999 -9999 -9999 -9999 -9999
0.4261558 0.6892915 1.552007 2.631398 1.585289 0.7824724 0.5934074 0.5428219 0.4695287 0.6171771 0.1757206 1.777803 2.128723 2.231271 1.432604 0.6194218 0.4514664 0.4218118 0.9942293 0.2158535 2.723435 1.982977 0.8643006 0.9861971 1.029933 0.8400004 0.6581655 0.4479519 0.5147947 0.3548466 0.1205619 1.305325 1.149049 0.390941 1.103671 0.4034664 0.2689992 0.3517521 0.4819739 0.5878979 0.281294 0.5309392 0.2908429 0.4224409 1.6194 3.251019 1.983837 0.9193656 -9999 -9999 -9999 -9999 -9999 -9999 -9999 -9999 -9999 -9999 -9999 -9999 -9999 -9999 -9999 -9999 -9999 -9999 -9999 -9999 -9999 -9999 -9999
0.17439 0.859489 0.470064 1.394036 2.670923 2.065172 0.9655836 0.846962 1.893655 3.738237 4.790209 3.633897 2.294763 1.807987 2.020275 0.6649008 0.7252821 0.6031642 0.9979641 0.3648501 1.791021 2.617474 1.984762 1.47302 1.250146 0.5412966 0.4453384 0.6674141 0.9276464 0.4975556 0.4604686 0.4168503 0.6531021 0.9852129 0.8397689 0.2504681 0.1248687 0.1758739 0.2488141 0.6231063 0.3749296 0.3724807 0.30992 0.4388381 0.4425692 2.352441 2.872433 1.543067 -9999 -9999 -9999 -9999 -9999 -9999 -9999 -9999 -9999 -9999 -9999 -9999 -9999 -9999 -9999 -9999 -9999 -9999 -9999 -9999 -9999 -9999 -9999
0.269216 0.769932 1.700814 1.549975 1.764227 3.516545 2.072772 3.125868 3.131583 1.644624 0.807117 1.071811 1.065286 2.099365 1.289272 0.8888354 1.401655 0.2847572 1.246092 1.077302 1.229151 2.089776 2.158829 1.555772 1.199525 0.6064786 0.3679412 0.2782796 0.7814944 0.6560652 0.7090119 0.7849721 1.044095 1.226033 0.6463022 0.2341175 0.1185363 0.158608 0.1584918 0.4525496 0.3552439 0.2092235 0.6643731 0.5850183 0.4798761 0.7210019 2.026183 1.965102 -9999 -9999 -9999 -9999 -9999 -9999 -9999 -9999 -9999 -9999 -9999 -9999 -9999 -9999 -9999 -9999 -9999 -9999 -9999 -9999 -9999 -9999 -9999
0.3643282 0.4981106 0.2797772 2.449099 2.100961 3.233001 3.836823 2.983299 1.89041 2.758867 3.29002 2.716193 2.328374 2.958664 3.015725 1.327819 1.974766 2.567457 2.513928 2.17944 1.782373 2.015296 2.535617 3.055222 1.71088 0.7909346 0.293945 0.235148 0.522221 0.8100789 0.7720906 0.6263965 0.8716103 1.048246 0.6746956 0.5106159 0.4153528 0.2790152 0.06150813 0.4805796 0.2903404 0.09312515 0.8287549 0.5138691 0.5784057 -9999 -9999 -9999 -9999 -9999 -9999 -9999 -9999 -9999 -9999 -9999 -9999 -9999 -9999 -9999 -9999 -9999 -9999 -9999 -9999 -9999 -9999 -9999 -9999 -9999 -9999
0.3376673 0.3415377 0.427657 1.672467 3.34095 0.4736915 1.110727 2.503554 3.195186 0.940307 0.7323596 0.9510847 1.696008 0.8131691 2.159906 2.721939 1.417616 2.270107 2.199737 1.456328 1.228534 1.213147 1.809713 3.140233 1.785458 1.113074 0.8537949 1.029432 1.017261 0.8514929 0.6839098 0.4668055 0.7357777 0.9243933 0.5473994 0.4307192 0.4897596 0.4483328 0.3463412 0.3740986 0.1523223 0.3582067 0.958366 0.3698811 0.1426514 -9999 -9999 -9999 -9999 -9999 -9999 -9999 -9999 -9999 -9999 -9999 -9999 -9999 -9999 -9999 -9999 -9999 -9999 -9999 -9999 -9999 -9999 -9999 -9999 -9999 -9999
