Data/morph/slope.asc
ncols         220
nrows         290
xllcorner     442500
yllcorner     5798500
cellsize      50
NODATA_value  -9999
[rows 62 to 92 of 290, columns 71 to 141 of 220]
-9999 -9999 -9999 0.7262292 2.256572 3.337713 2.428399 0.8270372 0.5653792 0.6953906 0.6840282 2.00887 1.000482 1.147153 1.896266 1.656113 1.79713 2.824714 2.79784 2.03533 1.274062 0.2655066 0.1984583 0.2370899 0.2192056 0.1032054 0.5218236 0.2915841 0.777104 2.95771 4.010229 3.351643 3.241196 2.06622 0.530567 3.017512 3.371718 2.377009 2.063484 1.783539 2.14706 3.476251 3.79661 3.848181 3.291673 2.875062 3.701273 3.388391 3.394782 3.387294 3.111245 2.703766 2.734822 3.655455 4.602597 4.216709 3.33699 2.520209 2.49812 2.42133 2.395115 2.649209 2.438636 3.218378 3.287224 2.46154 1.833193 2.322591 1.907511 1.751139 1.579603
-9999 -9999 -9999 0.0447494 3.378149 4.358962 1.749502 0.540658 0.7786388 0.9579757 0.9781067 1.446423 1.302926 1.044989 1.573878 1.207111 1.67445 2.350067 2.491951 1.59266 1.090804 0.5312125 0.169374 0.3451197 0.2883006 0.1096069 0.5090088 0.2602099 1.020473 3.255761 4.842098 4.812599 3.176179 1.952878 1.108065 3.587208 4.560143 3.408688 1.974524 1.232721 1.497069 3.080439 3.306093 4.258961 4.274261 3.426634 3.052113 1.979517 2.669821 3.310709 3.437477 3.186438 3.283566 4.354337 4.78444 3.435725 2.647785 2.244115 2.229126 2.249991 2.342432 2.644705 2.590553 2.659044 3.16596 3.38461 3.136504 2.956955 2.080311 3.208437 1.700091
-9999 -9999 -9999 0.9037734 4.034227 2.885168 1.347788 1.664495 1.261814 1.119867 1.45518 0.1062921 1.39748 1.603621 1.662144 1.5002 1.814757 1.975006 1.943129 1.086972 0.6419873 0.9400159 0.388805 0.4708833 0.4972374 0.1508863 0.3991879 0.5508855 2.732881 4.757794 5.131246 4.86821 3.095841 1.894189 1.601767 4.51811 5.649791 3.273081 0.8160692 0.8270465 1.761286 2.378608 1.865803 3.332564 4.277556 3.620922 2.489972 1.786181 2.106669 2.334734 2.52161 2.700073 3.158446 3.950125 3.632725 1.987122 1.446079 1.292247 1.532992 1.941862 2.024635 2.012253 2.012639 2.121589 3.573938 3.905384 2.670103 1.240126 1.381037 4.052914 2.014522
-9999 -9999 -9999 0.9867476 3.524991 1.735987 1.249597 0.8158159 0.6289942 0.7057245 1.205658 1.072985 0.582763 1.506278 1.567302 1.600464 1.645113 1.417178 1.342536 0.6859522 0.1644014 1.004148 0.9182587 0.283367 0.6097142 0.5090049 0.1126345 1.801903 4.294724 4.490643 3.609915 3.506799 2.194088 0.637686 2.60336 5.110485 5.634758 3.011906 1.217288 1.600358 2.195018 1.956043 1.473481 2.180998 3.127151 2.724915 1.963698 1.769959 1.622002 1.565545 1.675041 2.766333 3.529733 3.082813 2.627388 1.598215 1.316998 1.248853 1.410421 1.611404 1.684838 1.851113 2.209554 2.567237 3.923334 3.340548 1.361586 0.6500018 1.944568 3.243011 1.750353
-9999 -9999 -9999 0.7893992 3.152245 1.027441 1.224638 0.4961699 0.5848258 0.5641636 0.9607214 1.344578 0.6249402 0.8069226 1.040903 0.9733938 1.005991 1.022004 1.0642 0.408795 0.123519 1.040598 1.065728 0.09663038 0.3277334 0.5916669 0.7239636 2.810187 3.928607 2.984282 2.351211 2.547824 2.266123 1.796769 3.230554 5.159482 5.494925 3.431198 1.420465 1.897919 2.241243 1.399156 1.790292 1.771403 2.317011 2.315624 2.088539 1.653416 1.223885 1.5651 1.671225 2.69005 2.748331 2.318977 2.642527 2.287537 1.932604 1.637424 1.560712 1.363371 1.421194 1.890565 2.189691 1.92936 2.904137 2.382938 0.6624725 1.160165 2.223071 1.89321 2.153779
-9999 -9999 -9999 1.917677 3.021364 0.3274806 1.196576 0.6367022 0.7853603 0.7543988 1.064454 1.214578 0.7176732 0.2923233 0.68857 0.7941766 0.8775612 0.8776712 0.7052566 0.1598578 0.9168056 1.574681 1.983942 0.9417964 0.2998081 0.3625477 1.330652 3.368511 3.879782 3.138469 2.162934 1.393969 1.140736 1.678415 2.880835 4.636601 5.486372 2.796468 0.4442305 1.850503 2.281392 0.3696234 1.058076 1.189212 1.798113 2.527476 2.304506 1.516665 1.37495 1.340159 1.214467 2.969182 3.265898 3.675521 3.859495 2.857751 2.050957 1.81244 2.049139 2.064387 1.901346 1.284677 0.5991609 0.08275975 2.294992 2.328138 0.5709717 1.147369 2.047918 2.91241 2.998388
-9999 -9999 1.599582 2.547577 2.041498 0.7725304 0.7676895 0.7865383 0.9761476 0.9929262 1.078328 0.9356297 0.5896632 0.3252653 0.5575243 0.75734 0.7422153 0.5639109 0.2833419 0.5241117 1.58741 1.539301 2.669122 1.594547 0.2518071 0.2047633 1.978032 3.879125 4.591787 3.431733 1.286482 0.4528357 0.503948 1.815264 3.137095 4.258723 5.050449 2.118373 0.7384689 1.654096 2.195654 0.593256 0.778164 1.029428 1.770923 2.398734 2.133657 2.365921 2.026781 1.373752 1.733117 3.950453 4.240405 4.090057 3.75562 2.595434 1.684314 1.334641 2.065198 2.294429 2.218421 1.350157 0.8694515 0.3929211 2.432752 2.404188 0.4764267 0.7501777 0.8059803 1.265392 1.67772
-9999 -9999 1.069142 2.098528 1.047376 0.616241 0.629328 0.8425236 0.8911405 0.7914801 0.7945594 0.6621005 0.4724574 0.2667956 0.2559131 0.4502018 0.3791883 0.332067 0.1009827 0.977298 2.015197 0.8212351 2.564025 2.063807 0.3663091 0.565064 2.598868 3.382554 4.236161 3.060392 2.303775 2.450773 2.0555 2.298219 3.954874 4.57956 4.081545 1.851501 0.9216433 1.707332 1.78831 1.215451 0.4179619 0.7356803 1.63389 2.078719 1.825634 1.647262 1.894972 1.501382 2.995893 4.155067 3.857802 2.812818 2.199568 2.097745 1.741207 1.542596 1.975709 1.606127 1.818629 2.72429 1.049414 1.843084 2.795711 1.742939 0.4017718 0.7045761 0.5178984 0.8120394 2.730197
-9999 0.4350317 1.865239 2.151428 1.598727 0.8810096 0.277633 0.5605226 0.4970702 0.6539937 0.8247688 0.805787 0.594645 0.4120598 0.5823035 0.5155341 0.4047722 0.4095627 0.5589068 1.7233 1.868534 0.5568537 2.65781 1.299622 0.8647574 1.407302 2.43109 2.309387 3.015587 3.355029 3.697872 3.575625 3.152118 2.47933 4.366368 3.964473 2.449788 1.106045 0.7374768 1.616325 1.579087 0.9839946 0.4549791 0.2110182 1.154616 1.782361 1.604981 1.636377 1.559956 2.848895 4.122839 3.777432 3.112542 2.018912 1.020733 1.597132 1.575078 1.868435 1.353245 0.8287342 0.834755 2.839856 1.960806 2.293335 2.065664 0.2374889 1.169794 0.9288535 0.7531925 0.7488701 2.675339
-9999 -9999 -9999 -9999 1.608531 1.969768 1.569861 1.096639 0.6826084 0.6421217 0.7130466 0.9019916 0.7976406 0.5156879 0.7045901 0.7381316 0.8793935 0.2348766 1.768885 2.161257 0.7647772 1.824376 2.272241 0.2943327 0.6095199 1.27788 1.935768 1.824572 1.069436 1.657936 2.590646 2.852648 3.100312 2.394388 3.63717 2.895524 1.537659 1.217304 0.2506256 0.8478987 1.376874 1.331232 0.7022769 0.4421243 0.6307974 1.512797 2.278773 2.890227 3.100866 3.776011 3.228654 2.192834 2.347608 1.909021 1.200181 1.278131 1.677798 1.84513 1.123743 0.3258377 0.6333007 1.59166 1.847027 1.627452 0.9178267 0.9380619 1.303238 0.6332474 0.3250407 0.8444239 2.453714
-9999 -9999 -9999 -9999 -9999 -9999 0.9529073 1.098633 0.8634886 0.6368817 0.4467489 0.6364435 0.6413733 0.2651555 0.5655872 1.079039 1.227499 0.6073042 2.719806 1.310767 0.7186673 1.975223 1.593249 0.2930079 0.667434 1.093122 1.511451 1.345576 1.092551 1.460571 1.427746 1.705246 2.490222 2.28431 1.834676 2.008548 1.759492 1.660394 0.7685039 0.5116533 1.449432 1.247259 0.8090475 0.8181683 0.8905222 1.486532 2.481392 3.32918 3.137061 1.730053 0.5347226 1.297864 2.614356 1.540184 1.438433 0.4296372 1.366906 1.17248 1.870535 1.302225 1.278299 0.6920794 1.886422 0.8043613 0.30093 1.344331 1.518541 1.398155 1.655025 2.605335 2.807813
-9999 -9999 -9999 -9999 -9999 -9999 -9999 0.8826241 1.3412 1.095986 1.025489 1.063822 0.9405732 0.7668139 0.8330929 1.320967 0.7377637 1.724171 2.527133 0.2548597 1.528462 1.444124 1.064396 0.1011822 0.6454199 0.9972398 1.330899 1.483636 1.234455 1.239548 1.112046 0.882876 0.978098 1.341575 0.5443949 1.173254 1.673561 2.072548 0.8567092 0.4635911 1.274206 1.125586 0.6932722 0.8040484 0.9969974 1.099519 1.034716 1.03191 1.156665 0.9284746 0.5040787 1.92229 3.349808 1.39632 1.931052 0.5263622 1.554499 0.456386 1.659421 1.983691 1.212719 1.042088 1.632495 0.8039576 0.2318052 1.164369 2.202884 2.213348 2.946868 2.843763 1.985701
-9999 -9999 -9999 -9999 -9999 -9999 -9999 0.8503515 1.837284 1.801478 1.359127 1.128516 0.8579788 0.4651734 0.5293695 1.352666 0.1582842 2.209188 1.750974 0.6639418 1.431595 0.7003171 0.7866831 0.20927 0.4446105 0.7390463 1.027653 1.176403 0.9113818 0.9633517 0.615478 0.155942 1.115622 0.752234 0.8388959 2.371429 3.083875 2.390633 1.062093 0.7825065 1.157256 1.110672 0.549854 0.3661469 0.6064852 0.562175 0.1864678 0.7448764 0.8614492 1.162795 0.9797589 2.49283 3.245721 1.513218 1.943863 2.249353 1.799261 0.5722344 1.370685 2.101365 1.182573 1.749818 1.564076 1.881145 0.7998901 0.9824067 2.937732 1.716791 0.9995166 0.8119636 0.4281238
-9999 -9999 -9999 -9999 -9999 -9999 -9999 0.6726381 1.713603 2.234102 1.760721 0.7233827 0.5684462 0.5631162 1.003428 1.590172 0.8283296 2.343251 1.165596 0.9468819 1.141564 0.3207514 0.6423542 0.2726915 0.1845287 0.3524235 0.5339744 0.6816883 0.6759757 0.2361219 0.6128997 1.355368 0.7577 1.501986 3.04891 3.351792 2.9494 2.086458 1.639293 1.499773 1.500854 1.302299 0.832165 0.5385689 0.4969347 0.1102984 0.2432809 0.7177905 0.678917 0.6651737 0.4828264 1.913577 3.203792 1.604953 0.5316243 1.598657 1.412337 0.6594082 1.202304 1.535167 1.751932 1.319598 0.550268 1.835685 2.347023 2.056054 3.264155 2.55138 0.8365912 0.6517424 2.17349
-9999 -9999 -9999 -9999 -9999 -9999 -9999 0.9236486 0.9417974 2.075854 2.493775 1.342185 0.4861456 0.9914902 1.518007 1.182995 1.427279 2.280266 0.5804375 0.9851998 0.8435975 0.3527398 0.5072137 0.2345152 0.09313581 0.2364659 0.547415 0.2339324 0.3359496 0.6610847 1.038235 0.6329737 1.908998 4.034846 3.683415 2.553681 1.860824 1.273204 1.099693 1.332367 1.786846 2.144039 1.747516 1.055944 0.6262777 0.5376143 0.6642498 0.5016118 0.3906146 0.5763209 0.751173 1.534063 3.101358 2.23969 1.153996 0.2021257 0.6485776 1.138167 1.444417 1.397506 1.523971 0.7847302 0.7309595 1.559259 2.752482 3.37563 3.997067 3.421747 1.841203 1.617017 3.342253
-9999 -9999 -9999 -9999 -9999 1.001117 0.9856117 0.8447002 0.5090106 1.52369 2.333774 1.848693 1.134751 1.113325 1.05997 0.1764203 1.873056 1.733559 0.592505 0.8712472 0.3695495 0.2002221 0.2601399 0.4522443 0.4119102 0.1990555 0.4655789 0.1925773 0.5284429 0.8598251 0.5984479 1.50521 3.900727 4.105514 2.23929 1.300347 1.332059 1.185573 1.060004 0.9077885 1.085933 1.872819 2.115316 1.275764 0.7898309 1.051028 0.6008403 0.1555384 0.381716 1.028794 1.22922 0.9022568 1.946953 2.658029 2.270171 1.19776 0.1037439 0.7239737 1.38689 1.240272 0.8417317 0.8971831 1.187235 0.5936239 0.3057946 1.351361 3.422051 3.127818 1.429162 1.290466 3.795977
-9999 0.2360738 0.09504206 0.436728 1.175465 1.057912 0.6875572 1.200067 1.627811 2.009028 2.007626 2.004095 1.742408 1.300474 0.7755079 0.8920603 1.904458 1.021022 0.381826 0.469534 0.2123427 0.2242767 0.149994 0.2477649 0.4829192 0.3467452 0.6014017 0.4975652 0.7862616 0.4513116 1.634265 2.83356 4.233433 3.072259 0.9379186 0.42758 0.9366341 0.5256801 0.730218 0.5508026 0.6237981 1.024648 1.790229 1.648279 1.586273 2.016225 2.407274 2.466048 2.269115 2.327857 2.618911 2.166872 0.871745 1.541213 1.901072 1.716436 0.7130012 0.1216091 0.5133582 0.5481726 0.5844616 0.5509107 0.217647 0.6591625 0.6319739 1.340245 3.478592 2.722576 0.8961558 1.309836 3.929369
0.7120185 0.7061855 0.7344995 0.7082308 1.213236 1.201978 0.250725 0.9936005 1.459863 2.543598 2.069861 2.061604 2.233155 1.638226 0.6999617 0.9382951 1.607214 1.225454 0.2189765 0.6252689 0.7305057 0.9007505 0.854455 0.892574 1.17498 0.9713459 1.013739 1.147194 1.692602 2.380622 2.822684 2.881438 3.487633 1.89977 0.8210331 0.6018553 0.6309413 0.6077607 0.5394528 0.9175448 0.8435032 0.8115539 1.336348 1.45116 0.9026445 0.7633386 0.9689497 0.8280654 0.3045782 0.1608463 0.7204567 1.544476 1.910475 1.958547 1.844516 1.623088 0.6746119 0.1465122 0.4117764 0.150376 0.4849939 0.3185453 0.09423619 0.5444242 0.6085444 1.513062 3.09515 2.26164 1.153281 2.706426 3.581406
0.8212961 1.006733 1.049048 0.9175538 1.038571 1.344639 0.9129289 1.15597 1.068399 2.082251 2.091585 1.741482 2.085907 2.143439 1.066754 0.3070328 1.389318 1.743435 1.021216 1.139153 1.135705 0.9018785 1.116589 1.253268 1.062995 0.6300309 0.8228214 1.375507 1.882426 2.186429 1.682386 1.719576 2.838817 1.634499 1.257955 1.177627 0.5369674 1.364048 1.175266 1.087259 0.6447079 1.150919 1.883461 2.326756 2.137621 2.072139 2.22873 2.436319 2.338492 2.21117 2.127789 1.568919 0.7460306 0.6687527 1.016373 1.406217 2.345852 2.583633 1.624891 0.6755273 0.3347889 0.1974352 0.3077412 0.1604394 0.543249 1.83157 3.198706 3.095753 2.46851 3.409175 2.829881
0.9135937 1.185084 1.340711 1.503924 1.128147 1.295481 0.6636991 1.061697 1.269639 2.079729 2.177135 1.379558 1.274282 1.987788 1.410546 0.8344139 0.5160587 1.367182 1.303726 1.434847 0.6300997 0.1934364 0.4032748 0.5241308 0.2637774 0.06332874 0.5701748 0.9871008 1.354738 1.188328 0.4832606 1.429295 2.898444 1.163855 0.9315594 1.214173 0.9229842 1.723403 0.6407714 0.7912514 1.809499 2.78462 3.077269 2.588641 1.644794 1.219466 1.163331 0.8933333 0.6848194 1.068013 2.169206 3.102712 3.492315 3.609401 3.636287 3.698478 4.165238 3.889514 3.112424 1.705041 0.5719654 0.6582919 0.4306898 0.1347672 0.1681352 0.6869767 1.959329 3.074678 2.746976 2.149425 0.931081
1.11992 1.35776 1.471281 1.554939 1.433705 0.8053913 0.5637597 0.5630824 2.125903 2.554641 1.989807 1.406435 1.469369 1.889295 1.258209 0.7731014 0.2146658 0.8664671 0.8332071 0.6272925 0.4920494 0.316727 0.8084976 0.8970512 0.6388652 0.4150712 0.9898393 1.266352 1.49766 1.373081 1.28345 1.870316 2.856841 0.4817997 1.110584 0.5671115 1.462307 1.299323 0.3451793 1.606558 2.617146 2.347243 1.50158 0.4423008 0.369353 0.3949892 0.3547565 0.1930102 0.4695524 0.8332468 1.393052 1.417758 1.662228 1.693542 1.930871 1.69429 1.540756 1.80221 3.112368 3.334735 2.287464 1.283529 1.387758 1.550368 1.377757 1.282232 1.402211 1.156994 1.01928 1.608843 2.324015
0.9027567 0.959973 1.191431 0.9435759 1.27759 0.6158344 0.8807512 1.236838 3.08051 2.571149 2.034276 2.078903 2.193611 1.984325 1.553122 1.209442 0.8995189 0.7771208 0.2916882 0.172149 0.4804293 0.7501143 0.581031 0.7123445 0.329841 0.04635222 1.015733 1.56349 1.432332 0.4588851 1.087116 2.281163 2.404969 0.6655824 1.114345 0.9016396 1.224972 0.2157137 0.8644796 2.224751 2.45134 1.37427 1.211151 0.7727337 0.3919128 0.4419537 0.5054113 0.475594 0.5312845 0.7555336 1.169825 0.9296965 1.47995 1.52534 0.9622062 0.3846909 0.4421827 0.6899623 1.857896 3.16557 3.107978 1.679211 1.874261 2.04938 2.027127 2.434796 3.152417 3.395589 3.28611 3.190084 3.667313
1.076481 0.8750305 1.033655 0.6966369 1.228492 0.9607756 1.692127 2.818726 3.162905 2.411364 2.241062 2.121645 1.813944 1.181299 0.7055192 0.6116391 0.7128944 1.151809 0.7470443 0.4239347 0.4071212 1.075988 1.068358 0.8593733 1.102897 1.220994 1.680635 1.606327 1.20534 1.309106 1.509114 2.174721 1.140062 0.8187045 1.059323 0.8820959 1.214125 1.516424 2.006252 2.334269 1.802497 0.5047235 1.011518 1.000797 0.3723024 0.3920368 0.5257206 0.5993202 0.4602828 0.5737805 1.132192 1.963476 2.512245 2.336633 1.950797 1.415571 0.4538506 0.4603098 0.4930448 1.548414 2.444196 2.025585 2.330928 2.164584 1.926677 2.200866 2.112655 1.623217 1.623062 2.031835 2.946773
1.120444 1.017365 0.9291866 0.6099217 0.9990146 1.599402 2.132428 2.2837 2.288751 2.362484 2.042729 1.538097 1.337976 0.9521204 0.7253079 1.044934 0.8424662 1.612022 1.383585 1.190656 0.7546899 0.9694479 1.150074 1.099124 2.016206 2.127513 2.017545 1.784966 1.952989 2.105514 1.368617 0.9786815 1.298668 2.430281 2.261672 1.959801 1.934785 2.101295 1.976442 1.378057 0.8159549 0.2697102 0.6687717 1.195662 0.5770418 0.5966739 0.579964 0.2745719 0.6039631 1.015017 1.439597 1.87565 1.864844 1.515924 2.101212 2.362152 1.75386 0.9812153 0.8446382 1.290778 0.9384061 1.219325 1.136002 1.338422 1.174122 1.353135 0.8214351 0.5894784 1.039142 1.945332 3.056479
1.049564 0.9298755 0.8275336 0.8152567 1.174464 1.825638 1.868494 1.729367 1.939684 2.005481 1.556349 1.340261 1.248695 1.014161 0.7785277 0.7896345 0.3851895 1.20095 1.180666 1.248492 1.34771 1.578291 1.72718 1.33053 2.227654 1.318197 1.052255 1.234128 1.478727 0.9189255 0.4790862 1.799501 2.615478 2.353907 1.639528 1.467223 1.326195 1.325438 0.6134455 0.2954037 0.8879244 0.9446677 0.9151313 1.417372 0.7873552 0.6778734 0.8958815 0.899814 1.051195 1.487486 1.849677 1.920895 1.482358 0.9552747 1.573462 2.046935 2.286276 2.103433 1.896592 1.972423 1.511228 1.365807 1.243367 0.9858322 0.4486516 0.6474041 0.284256 0.7335098 1.584231 2.289498 3.2499
1.137572 1.114877 0.9155066 0.9808044 1.32277 1.715264 1.862933 1.962874 1.757843 1.539857 1.317817 1.12436 0.8633441 0.7174207 0.5965924 0.5383227 0.4982622 0.8586398 0.5612632 0.4976489 0.645364 1.14477 1.728639 1.249749 1.727469 0.7650137 0.8785388 1.38779 1.347277 0.2332573 1.217688 0.939217 0.6849194 1.003319 0.768505 0.9596753 0.9841332 0.8386809 0.5585737 0.8429209 0.8736151 1.013733 1.20242 1.721915 0.9497865 0.7195768 0.8785936 1.079221 1.350983 1.457853 1.282444 1.123415 0.680577 0.5668496 0.9415121 1.345101 1.566819 1.62013 1.624431 1.538623 1.525796 1.835666 1.513154 1.084358 1.07881 0.8012629 0.5402254 1.018736 1.685469 1.907176 3.000442
1.323993 0.9757766 0.6415334 0.746114 1.309415 1.734977 1.700214 1.379968 1.236016 1.166112 1.034476 0.8845457 0.4048947 0.445666 0.6901989 0.6185656 0.6623072 0.9318208 0.8315894 0.3939052 0.3367748 0.4808585 0.8207579 0.9232804 1.168772 1.180385 1.03981 1.24262 0.8764723 1.011017 1.111913 0.462568 0.5989134 1.038402 1.045528 0.3448142 0.06980415 0.252413 1.159092 1.019183 0.5811059 0.5090126 1.065803 1.488511 0.9312702 0.6690824 0.6818151 1.065275 1.3541 1.155119 0.8755978 0.6871433 0.4289835 0.5751626 0.7281982 0.9433258 1.090055 0.8970599 0.1481401 0.655183 0.7402517 0.239942 0.8134118 0.9472011 1.412474 1.113798 0.8254015 0.9018608 1.027874 1.928588 3.369873
0.9193235 0.6253725 0.7261302 1.094053 1.628591 1.871687 1.530472 1.108383 1.037039 0.8996447 0.807001 0.892998 0.5545312 0.5928838 0.7675002 0.6396722 0.7803002 0.9479694 1.15298 0.9805033 0.6228207 0.4309663 0.11018 0.5299445 1.033459 1.501724 0.8239504 0.5188971 0.7373455 2.041825 0.8925034 0.128853 0.8411139 0.7894877 0.7173709 0.7691088 0.9164471 0.9733757 0.9908615 0.8593007 0.3082088 0.5252046 1.183872 0.8304788 0.996433 1.295319 1.204983 1.02897 0.7980505 0.6165763 0.6995134 0.7028221 0.6023773 0.6066203 0.8007129 0.8351252 0.9814503 1.201053 0.8481752 0.3937826 0.2154151 0.4793506 0.5683901 0.9488364 1.154192 1.324165 1.045776 0.6923591 1.139801 2.205275 3.795321
0.3679167 0.383447 0.9244064 1.411184 1.873454 1.91975 1.457162 1.216765 1.240348 1.165087 1.126186 1.076924 0.8722789 0.9842216 0.9539683 0.849041 0.771478 0.634612 0.9547456 0.9833336 0.9758141 0.5320672 0.4400322 0.6241509 1.152785 0.9669219 0.41977 0.5152152 1.735103 2.142449 1.592478 1.524758 2.098728 1.338255 0.6632813 1.033946 0.8463321 0.8817359 0.5679402 0.5386407 0.8518355 0.9036824 1.655063 1.056725 1.294529 1.499322 1.162708 0.7445555 0.4049954 0.3298791 0.2389108 0.2242009 0.03277307 0.220083 0.751119 0.8462195 0.7984239 1.198912 1.712127 1.894481 1.332865 0.5077225 0.8504933 0.4687169 0.6485087 1.505235 1.413687 0.8694854 0.8072568 2.637846 3.704566
0.3409205 0.4979679 1.250667 1.568296 1.754019 1.675491 1.226063 1.001361 0.9617041 0.9070068 0.8617795 0.7315062 0.7462445 0.8802507 0.6279002 0.7705802 0.7304634 0.6569239 0.8577444 0.7998221 1.003137 0.8710034 0.9201825 0.7974946 0.3560257 0.7261317 0.9852757 1.439821 2.114679 2.52869 3.828916 2.566324 2.816153 2.012868 1.928596 1.653949 1.05996 1.181041 1.088248 0.4037131 1.209688 0.6819979 1.728287 1.220815 0.4425965 0.5228024 0.7433623 0.7283629 0.3645099 0.2140605 0.09337078 0.2711194 0.3702554 0.4177009 0.6714791 0.8174925 0.5105832 0.5305042 0.9798313 1.195749 1.534192 1.36088 0.5317519 0.753449 1.352864 2.190257 2.51476 1.860672 1.566706 3.416118 3.57648
1.055632 0.9781945 1.48399 1.564857 1.616707 1.429073 0.8664565 0.5952684 0.5414933 0.6153533 0.6796087 0.6729516 0.7400844 0.539277 0.190729 0.4681846 0.7709162 0.6253061 0.5513055 0.4563991 0.5015982 0.5366994 0.5707296 0.3686469 0.4022364 0.3183995 0.796079 1.732209 0.6707591 2.645895 2.92447 0.5014606 2.082557 1.678241 2.274527 1.915039 1.478842 1.529868 1.298574 0.9346011 0.9963401 1.517138 1.37571 1.679124 1.238351 1.103361 0.4332251 0.4742083 0.5090755 0.1302492 0.2603799 0.1551165 0.6177734 0.3891192 0.3381175 1.089597 1.21065 0.7534891 0.6017822 0.9768081 1.829906 2.182076 1.723073 1.464947 1.637993 1.83692 2.504764 1.81996 1.670962 3.431604 3.056159
