Data/morph/slope.asc
ncols         220
nrows         290
xllcorner     442500
yllcorner     5798500
cellsize      50
NODATA_value  -9999
[rows 93 to 123 of 290, columns 71 to 141 of 220]
1.501269 1.433599 1.399004 1.346594 1.714163 1.622956 0.8218491 0.7022019 0.7405628 0.7511304 0.8391078 0.6855987 0.7575645 0.6277846 0.5805336 0.6961517 0.7514629 0.4323805 0.6529796 0.5135372 0.1601597 0.6474835 0.3518082 0.5837145 0.3158377 0.5035419 1.183364 1.157712 0.9188249 0.9614771 0.5964934 1.729944 1.760374 0.7325637 1.158653 1.43636 1.085694 1.305435 1.945453 1.453488 0.3642879 0.6211121 1.532285 1.727524 0.9551128 1.116397 1.278406 0.5001499 0.5492651 0.5138645 0.3896834 0.2348293 0.5037097 0.3970359 0.7422706 0.786179 1.217673 0.559548 0.5015214 0.7993917 1.519763 2.151811 2.279144 1.670349 1.215855 0.6400452 1.53072 1.935859 2.813842 2.556376 1.448171
2.117742 2.159141 1.829411 1.755503 1.988496 1.708146 0.8449562 0.6695722 0.7489216 0.7736974 0.8213705 0.6562549 0.9298707 0.8762066 0.7584392 0.7114053 0.714736 0.860647 0.9042553 0.6513165 1.204914 0.8532237 0.7563353 0.6300481 0.5508097 0.6221578 1.307714 1.435553 1.104921 0.1963609 0.8373402 1.337508 1.249811 1.796043 1.386313 1.17857 0.8094404 0.7194015 2.097321 1.725401 0.09953091 0.682973 0.9444083 0.7172552 0.1664001 0.3128665 0.7169248 1.071548 0.2802248 0.5561487 0.6370454 0.3173177 0.1327081 0.4476114 1.03864 0.5644825 0.8536745 0.2713968 0.9110782 0.9200679 0.8923131 1.117013 1.343367 1.050382 0.5957067 0.3674042 1.870993 2.298464 2.458579 1.715845 2.866968
2.251502 2.435193 2.426188 2.256273 1.840096 1.220707 0.4259094 0.382283 0.6257101 0.7346281 0.7876024 0.8563973 1.068749 0.7499045 0.6756244 0.6525447 0.5304808 0.9491064 1.14922 1.301455 0.983838 0.7079006 0.8087003 0.9358989 0.8887904 1.151258 1.580807 1.670935 0.7268909 0.8844555 0.04759893 1.163275 1.626404 2.858443 1.703608 1.284193 0.6541624 0.4410653 2.274503 1.603992 0.3174216 0.7955323 0.9461057 0.319423 0.3410591 0.6509548 0.8956842 0.4325888 0.7241181 0.4350025 0.3757047 0.01910606 0.2015044 0.3886371 1.128375 1.541275 1.095958 0.7225412 1.074869 0.580761 0.6146612 0.6603209 0.8498893 0.9650329 0.3353623 0.472503 1.693566 1.862402 3.026112 2.856949 2.849995
1.28597 1.465297 1.649002 1.523012 0.9330981 0.465594 0.2572177 0.4744768 0.7549435 0.6755524 0.5635021 0.7665576 0.7985782 0.4113593 0.4987279 0.5706297 0.5080169 0.7697508 0.8921462 0.8084959 0.4771863 0.5825858 0.4684353 0.6569534 0.93116 1.181113 1.023655 1.298545 0.5837073 1.370121 1.357158 1.66718 2.287673 2.361832 0.8796918 1.064277 0.7644141 1.277632 2.467914 0.9592513 0.1351952 0.936419 0.9751841 0.4814992 0.7647634 1.162255 0.8802046 0.4612567 0.3339022 0.1136017 0.1578681 0.3268442 0.4862561 0.1261859 0.4154098 0.739495 1.043933 1.566223 1.491971 0.1828538 0.441449 0.6423473 1.225071 1.036008 0.5039416 0.385752 1.212687 1.427624 1.884418 1.592182 0.8611299
0.7759195 0.6213101 0.5770282 0.6467552 0.7184026 0.7767648 0.9390923 0.9588863 1.028527 0.6674182 0.3043839 0.6796232 0.7590981 0.2948384 0.3613528 0.4767882 0.4609338 0.5650473 0.3603135 0.2408403 0.5228843 0.4794454 0.2116973 0.4997915 0.9878588 0.8259872 0.6303014 0.9991543 0.4691593 1.36272 1.588988 1.112916 0.9845998 0.8040845 0.3174954 0.6619426 0.8366461 2.029715 2.421574 1.128645 0.9556836 1.344673 1.047159 0.6643127 0.7311081 1.423306 1.885026 1.047653 0.4510521 0.2161278 0.4387631 0.5293642 0.5851265 0.1914822 0.6315368 0.4429695 0.2762659 1.132576 1.836788 1.072258 0.1722948 0.6469271 1.380457 1.028991 0.3517455 0.354098 0.1756987 0.80199 0.7691505 0.7627718 0.9251741
1.432159 1.148532 0.7016297 0.5332267 0.9515443 1.435306 1.434223 1.272698 1.103842 0.711706 0.510345 0.5574552 0.9769403 0.4963729 0.5093735 0.4397249 0.288797 0.5473226 0.3190798 0.08870485 0.4568768 0.5133536 0.4326264 0.7688237 1.046703 1.135103 1.291372 0.9477718 0.8520609 0.7419087 0.6169753 0.6168352 0.5820368 0.4222181 0.4839434 0.3670403 0.591253 2.414459 2.311271 0.4171668 0.921904 1.461578 0.9344628 0.9360949 1.50939 1.462463 0.4280402 1.339563 1.203241 0.6999362 0.6646229 1.176972 0.4829555 0.3603925 0.5863385 0.4123675 0.2932047 0.2746045 1.392242 2.05452 1.047306 0.4512795 1.202808 1.398643 0.735405 1.032519 0.9390693 1.025781 0.1976904 0.1916685 1.500445
1.362409 1.277106 1.080459 1.027407 0.8679516 0.7845934 0.7561236 0.6487191 0.3046478 0.2115199 0.2297833 0.2963659 0.8916419 0.4844813 0.2521285 0.2813851 0.2314582 0.7501464 0.3728997 0.1889455 0.2843997 0.2952384 0.4627845 0.7283164 1.022012 1.139035 1.020698 1.016914 1.022053 0.6129509 0.4417732 0.5538784 0.5899817 0.4970534 0.670988 0.2273322 0.5330701 2.65866 2.632001 1.531837 1.477097 1.127803 0.3433873 1.22568 1.487691 1.229882 1.09398 0.158958 1.323435 0.7738704 0.9588515 0.6156476 0.372752 0.4129231 0.3331508 0.5675963 0.5939376 0.6098011 0.8326856 1.990601 1.99771 0.3061459 0.9028108 1.716841 1.40176 0.2618439 0.5704966 0.5099337 0.3058316 0.4798636 1.756004
1.123942 0.9936368 1.171683 1.192313 1.061635 0.7318524 0.3435264 0.05531791 0.2945993 0.231984 0.1529327 0.2902525 0.8182772 0.8372496 0.5045499 0.5204458 0.8683888 1.006243 0.5068577 0.4011987 0.3112009 0.1618714 0.461642 0.7817011 1.158367 0.8403381 0.4094009 0.4262863 0.3891973 0.1783317 0.1650834 0.180391 0.1386527 0.206472 0.6310711 0.4440962 1.192886 2.678938 2.407874 1.146683 0.7052513 0.5891418 0.724649 0.7755081 0.3794214 0.7538933 1.389901 0.5218933 0.8903178 0.5789887 0.3232301 0.1677515 0.4140624 0.4435404 0.1850694 0.2710001 0.3352283 0.9594573 0.9050089 1.160265 2.037508 0.8504093 0.5947469 1.425718 1.280259 0.5263273 0.5977741 0.1817304 0.8415866 0.8453616 1.355831
1.218587 0.9848205 1.000878 1.044037 1.051016 0.8712672 0.4148845 0.1526526 0.3783457 0.3728828 0.3910701 0.4822653 0.5777702 0.6541471 0.07225713 0.4856958 0.5790878 0.5011359 0.2821586 0.223795 0.1840195 0.5167322 0.7536494 1.0447 1.021971 0.5642821 0.2017231 0.1099267 0.1067739 0.1034143 0.04500379 0.06947993 0.05679476 0.1213416 0.364642 0.7414371 1.265848 2.530364 2.750946 1.055539 0.5578733 0.5562333 0.8439173 0.6050665 0.8866673 0.8243517 1.024023 0.5325052 0.3943048 0.6646876 0.2734814 0.1141768 0.3455182 0.3823966 0.3289306 0.2573184 0.2610275 0.8864118 1.163957 0.8746979 1.514125 1.014289 1.563791 2.189358 2.221726 1.566171 1.30685 1.316405 1.715644 1.573598 1.559857
0.9406731 0.7445617 0.933347 1.110928 1.10253 0.883893 0.4609139 0.297289 0.411339 0.5657468 0.7879021 0.04087142 1.090175 0.5015641 0.509075 0.268652 0.09228464 0.3856154 0.6871977 0.6266804 0.5191396 0.6526399 1.065665 1.105222 0.6748151 0.3374053 0.11328 0.08771195 0.09216567 0.07552792 0.02929457 0.03328737 0.01202615 0.1409259 0.1212477 0.7921144 1.105296 2.06565 2.832851 1.31595 0.7050059 1.560602 1.339243 0.5100646 1.235695 1.196999 0.6172674 0.5799588 0.5774153 0.9430225 0.6632674 0.1872108 0.4052436 0.3384371 0.3913102 0.6744605 0.6239827 1.020999 1.279532 0.5711597 0.6060832 1.544203 1.903409 1.828701 1.547134 0.8451881 1.211301 1.833274 2.371736 2.435287 2.225543
0.9334923 0.8908102 1.08683 1.078044 1.055196 0.8222055 0.4519517 0.3390422 0.385271 0.7358452 0.7695671 0.6426378 1.160032 0.2339568 0.6709897 0.03725903 0.1508091 0.4027755 0.9933757 0.9608403 0.7893898 0.5282921 0.9326307 0.8225366 0.3593563 0.2229226 0.1330371 0.09033949 0.09113066 0.0585231 0.03992649 0.01534951 0.03900373 0.1635721 0.1075172 0.5906455 1.397009 2.074779 2.209205 1.640755 1.032504 1.134112 1.340116 1.068283 0.953504 0.4537384 0.3194764 0.4730712 0.6015629 0.7806396 0.8973074 0.3172942 0.5506461 0.4367139 0.2497604 0.7949137 1.07388 0.5369743 1.258545 0.9980644 0.7583439 0.9573165 0.1617971 1.177164 2.137467 1.209903 1.039974 2.268411 2.587606 2.416012 2.297207
0.8883271 1.094687 1.186929 1.095497 1.204058 0.8754396 0.4447135 0.3087704 0.581692 1.309987 1.407483 1.343886 1.238444 0.4501915 0.6976085 0.5312431 0.7697908 1.006648 1.06356 0.6711422 0.7426928 0.7346661 0.699865 0.816181 0.2481624 0.116104 0.1469297 0.1184103 0.1348049 0.119516 0.1230648 0.09684708 0.05561491 0.1754296 0.1959241 0.365788 1.464823 2.160263 1.928929 1.662191 1.187576 0.5423843 2.202139 0.9001549 0.1695485 0.6938976 0.7262465 0.1206443 0.3652225 0.6756514 0.7845958 0.1753915 0.9078099 0.5753236 0.6653463 0.5524001 1.263182 0.6525837 0.70653 1.201595 1.37825 0.6367557 1.207004 1.165071 1.658421 2.150737 1.697295 1.708345 1.74797 1.051182 0.6333807
0.9062797 1.294062 1.257138 1.069913 1.261352 1.013155 0.5023256 0.2617176 0.6173381 1.684514 1.230901 1.665491 1.356496 0.3400185 0.3866682 0.6241113 0.8664035 0.7971384 0.4094689 0.07777947 0.157748 0.3187583 0.2324342 0.6589581 0.650845 1.6002 1.619555 0.8708895 0.09238449 0.09775573 0.1295481 0.1155568 0.07013135 0.1584627 0.2597328 0.2736595 1.190775 2.108832 2.184447 1.75222 0.8464599 0.4297675 2.233871 0.3500186 0.5316868 0.5050716 1.273695 0.7337798 0.3052412 0.5787349 0.8845538 0.3729905 0.7461969 0.07864533 0.6379929 0.3205571 1.039285 0.8993854 0.7436016 1.190678 1.234072 0.4967562 1.183818 0.3623538 1.943607 1.923759 1.829566 1.800152 1.576817 0.5951016 1.280686
1.284396 1.645955 1.533282 1.391122 1.265912 0.985784 0.5105081 0.1691244 0.3967926 1.096935 1.583047 1.868497 0.4211065 0.6267636 0.3617808 0.2781953 0.4018989 0.3515597 0.8307424 0.9835857 0.9090919 0.8951346 0.7834849 0.773016 0.8803389 2.130877 2.151642 2.033338 0.05535223 0.09626126 0.04432079 0.04174329 0.1020941 0.1872289 0.2491214 0.193747 0.813693 1.669298 2.146114 2.181077 0.8464115 1.371233 1.598535 0.1009437 0.9011392 0.7680102 1.170485 1.455283 0.7738394 0.7466732 1.18012 0.7807685 0.6962452 0.1064258 0.3398252 0.3793524 0.5453283 0.6420044 0.5937414 0.8769107 0.9128725 0.06104924 0.8280281 0.9297767 1.641907 1.033865 1.650468 2.17144 1.46121 0.6090016 1.911805
1.558305 1.745586 1.639697 1.519018 1.003009 0.4935746 0.4340935 0.1596131 0.7762802 1.017719 0.7998644 0.7567452 0.9427225 0.8336804 0.803612 0.4907704 0.4742117 0.6208063 1.125635 1.074949 1.355578 1.390399 1.125115 0.7877136 0.6807361 2.011565 1.736456 2.236246 0.03877081 0.0904652 0.1338473 0.1375898 0.1796318 0.2828614 0.2453303 0.1620013 0.5722628 1.079105 1.36892 1.907513 2.345892 1.488877 0.1689643 1.249032 0.9955552 0.3985575 0.8900476 1.852766 0.9243133 0.3334553 0.8189652 1.085289 0.9785954 0.1062789 0.3199537 0.2427099 0.2806054 0.4373921 0.4512959 0.6668463 1.059927 0.6817095 1.231143 1.05202 0.9434873 1.147029 2.002191 2.775506 1.634423 0.771701 1.998435
1.75084 1.825802 1.649034 1.155105 0.5026039 0.3486731 0.2705654 0.1665337 0.9229594 0.7038973 0.3745817 0.3977242 0.8242632 0.1272202 0.8662068 0.4585406 0.127881 0.3461633 0.6961164 0.1304615 0.1249541 0.2731991 1.356657 0.8207644 0.3442438 0.9012783 1.819858 1.331671 0.1451993 0.2508147 0.22885 0.1485878 0.1993489 0.3178806 0.2367331 0.2089175 0.5594337 0.705054 1.027393 2.103675 2.880672 1.409643 0.669943 1.57088 0.9594241 0.5217681 0.8868893 1.962475 0.798353 0.2863798 0.4719489 0.7963558 1.193231 1.591939 1.393423 0.9226923 0.3280903 0.5457544 0.699181 0.6565803 1.288021 1.080813 1.515131 1.462629 0.5284432 1.00106 2.058248 2.94891 1.803107 0.4102332 1.667597
2.036612 1.873742 1.438827 0.7081654 0.3826694 0.5305355 0.5047511 0.5667112 0.9415635 0.5429475 0.3012407 0.5169662 0.7848845 0.5529661 0.997087 0.3672673 0.1691603 0.3863017 0.5113996 0.1425083 0.2123965 0.7322944 0.8904427 0.9448509 0.2582783 0.5668622 1.09329 0.3066139 0.2208179 0.2500597 0.08996855 0.07014666 0.2166059 0.2813151 0.2294623 0.2536655 0.5987818 0.5215162 1.130533 2.680158 2.504228 0.9879286 0.1446365 2.032817 0.7318127 1.948487 0.6791168 1.325322 1.208753 1.166617 1.005462 0.5063286 0.4869626 1.069746 1.08261 1.363458 0.4143685 0.3295773 0.1330679 0.5801561 1.320514 1.229833 0.7632084 0.9994538 1.635192 0.7274339 1.684852 2.745112 1.875534 0.3145747 1.018507
1.806332 1.494398 0.994746 0.4492639 0.4817094 0.5797366 0.3944665 1.018586 0.9755406 0.5535734 0.5384702 1.0043 0.8306643 1.024142 1.012405 0.7442865 0.4472931 0.2034831 0.3453127 0.4723668 0.2521013 0.77417 0.7056928 0.6841069 0.4204309 0.8241751 0.5880443 0.1102585 0.2198734 0.2182836 0.03726038 0.09063548 0.1686072 0.2263726 0.2777278 0.2842187 0.4992406 0.6854841 1.994276 2.891924 1.551451 0.638471 0.5832091 2.061738 0.8670482 1.950887 1.235882 1.636292 1.646121 1.204974 1.111041 1.100476 1.353128 1.325852 0.2651331 1.333318 0.8592728 0.2400471 0.3426188 0.8923181 1.317276 1.072505 0.6511785 0.5256424 1.050986 0.9119601 0.9366716 2.385468 2.304314 0.7267415 0.2516514
1.710027 1.326907 0.7622904 0.4703463 0.6119854 0.409942 0.5242426 1.054963 0.9013178 0.6759354 0.5727165 0.6908436 0.2917233 0.9664294 0.444849 0.5514203 0.3423874 0.1776095 0.2721502 0.7819401 0.6250224 0.755559 1.120163 0.2557355 0.6826437 0.7358287 0.008944904 0.1651002 0.2278003 0.1788332 0.05899505 0.08890017 0.08728017 0.07739756 0.2098487 0.2301179 0.3031478 0.9813474 2.445493 2.684067 0.8384882 0.6259845 0.8739156 1.573114 1.194785 1.171897 0.2632038 0.6808622 0.9599776 0.4356212 0.9089866 1.026274 1.239464 1.467774 1.060445 0.5142303 0.9894132 0.6483498 0.2024845 0.8282709 1.593029 1.200402 0.4697341 0.4194104 0.7386505 0.4983725 0.3500726 1.769046 2.584023 1.365174 0.2878391
1.771863 1.19407 0.6632749 0.568917 0.5980925 0.1717559 0.7456368 1.029021 0.6377302 0.2053804 0.680661 0.7457885 0.4838864 0.6676959 0.1689452 0.7319252 0.447833 0.3782747 0.3705349 0.399976 0.8285314 0.570268 1.449712 0.2801156 0.6419756 0.8929419 0.05130932 0.1642224 0.2205124 0.145809 0.02821944 0.03719053 0.06532895 0.08251224 0.2527613 0.1515223 0.1845662 1.218251 2.511202 2.317883 0.8642984 1.051509 0.5328832 1.328766 0.06921281 0.7356862 1.060251 0.9877313 0.137722 0.7628645 0.5604832 0.6115333 0.2799788 1.072077 1.295823 0.2341298 0.9565545 1.291478 1.030698 0.8119412 1.862326 1.350513 0.4150113 0.7711094 1.178757 0.7682819 0.6922131 1.405555 2.185692 1.680399 0.246505
1.543544 0.9229124 0.6274636 0.6120759 0.473007 0.4229921 1.17278 1.272476 0.9020193 0.7844825 0.901792 0.8114352 0.6237612 0.7947335 0.7631852 1.10567 1.109607 1.019559 0.9217998 1.193334 0.9287867 0.6339062 1.607389 0.4369561 0.5882191 0.9531568 0.0575105 0.1248318 0.1728801 0.1668074 0.04142569 0.06512541 0.04456869 0.1016492 0.2731871 0.137774 0.115294 1.265346 2.451302 1.917975 1.045268 1.443872 0.8579428 0.146672 0.4094824 0.4057028 1.262406 0.7858323 0.7002389 0.3134769 1.335118 1.551398 0.8910508 0.6506304 1.409383 0.8758944 0.3182741 1.069333 1.351869 1.174059 1.339669 1.134043 0.2918987 0.5761887 1.56268 0.8161375 0.8524473 1.530192 1.93739 1.610336 0.8953622
1.204138 0.8075985 0.6356738 0.4419736 0.2732662 0.6910288 1.364716 1.093541 0.5253087 0.1657348 0.5984159 0.6678225 0.606725 0.9041777 1.101264 1.393311 1.509589 1.594718 1.547113 1.329007 0.9498559 0.8928882 1.860838 1.022943 0.6212091 0.7823133 0.02825778 0.1023236 0.1201497 0.1762778 0.06947703 0.06538832 0.03581875 0.07031288 0.2447823 0.2055235 0.1728946 1.139447 2.548793 1.838913 0.3942774 0.9157726 0.7082018 1.314787 0.9524155 0.5174903 1.051522 0.4118026 0.7201591 0.9663696 0.6142794 0.9699716 1.485553 0.6974037 1.530168 1.045005 0.6925175 0.3054967 0.9472988 1.457739 1.362721 0.9494714 0.181155 0.9586987 1.379215 0.8978785 0.6168212 1.529073 2.023154 1.602896 1.249432
1.040973 0.7618259 0.5054104 0.2600036 0.08781988 0.8105656 1.353455 1.02827 0.5282498 0.2560972 0.6700178 0.6083629 0.2736503 0.5162726 0.8699511 1.044806 1.028341 1.163202 1.239073 1.017534 0.9415728 1.00273 2.104835 1.49606 0.4256632 0.5199367 0.07213229 0.1085406 0.1005787 0.1024769 0.1093849 0.09774714 0.04053006 0.02418591 0.2209696 0.2320745 0.2805797 1.304873 2.700471 2.052302 0.9869472 0.8233333 1.181723 1.390697 1.316252 0.7538406 1.138743 1.220924 1.435453 1.092312 0.5397345 1.291574 1.720089 0.7072279 1.91247 1.506375 1.311816 1.398682 1.746518 1.803566 1.698043 1.068003 1.246141 1.417786 1.45785 0.8296953 0.587918 1.260381 1.740975 1.810032 1.426393
0.9404696 0.6586327 0.3203219 0.1595837 0.06256563 1.031794 1.381333 1.190377 0.7915722 0.677488 1.015188 0.910809 0.5850343 0.648326 0.7480702 0.8521814 0.9441882 0.8887912 0.7175735 0.855464 1.096974 1.547482 2.366753 1.525064 0.597164 0.3646655 0.1449195 0.08463567 0.05886139 0.03544755 0.02196467 0.01680866 0.08251481 0.07850761 0.2487362 0.2545845 0.3585728 1.608407 2.418997 2.067542 0.9915096 0.7198026 0.5830024 1.381246 0.8871384 0.9242198 1.213922 1.825906 1.651291 1.652601 2.025502 2.568262 2.530119 1.68047 2.706627 1.833534 1.127755 1.117094 1.275288 1.121604 1.097123 1.407019 1.798778 1.412788 1.694947 1.560415 1.453185 1.232164 1.327736 1.716946 1.478735
0.7416359 0.4793893 0.2626379 0.1977484 0.2358319 1.164914 1.389463 1.274581 0.6867203 0.5227519 1.004982 0.9242151 0.6774571 0.5794517 0.632785 0.472251 0.6708176 0.7409134 0.7634931 1.015788 1.294165 2.157099 2.50869 1.857773 1.259625 0.4743458 0.2521999 0.1177495 0.04879184 0.06132001 0.04423027 0.01075498 0.0933006 0.06546873 0.1862973 0.2540883 0.5225019 1.78159 2.216297 1.907366 1.105034 0.1700738 0.2578928 0.6663765 0.9669243 1.092641 1.318125 2.664632 2.093958 1.335592 1.495996 2.602849 2.82967 2.407344 2.771926 1.570724 1.186447 1.259335 1.051652 0.2865027 0.2590677 1.279651 1.175325 1.694586 2.605251 2.747671 2.073022 1.498237 1.206192 1.454417 1.293462
0.6044654 0.3836056 0.2553661 0.2287504 0.5187488 1.313079 1.42715 1.187614 0.5539885 0.4018614 0.932898 0.7362515 0.1154022 0.4137313 0.5626839 0.3068442 0.4147888 0.4664002 0.5050461 0.5353 0.7014074 1.917636 2.449178 2.47452 2.15802 0.9415466 0.2707879 0.1590727 0.07045398 0.02963355 0.04270435 0.01776695 0.03705709 0.1077316 0.1196202 0.1543385 0.7852099 1.960829 2.096452 1.573681 0.8049396 0.942935 0.4205566 0.7271022 0.8978196 0.6539405 1.275596 3.070199 2.269806 0.650036 0.5426869 2.10004 2.44264 1.850482 1.884408 1.018413 1.047889 1.220029 0.9867778 0.7040948 0.6951458 0.9167935 1.512319 2.120895 2.324884 2.454466 2.115547 1.380681 1.408822 1.872381 1.475527
0.3713685 0.202182 0.1387634 0.1236565 0.6592298 1.314274 1.434502 1.178403 0.8900421 0.8815954 1.121932 1.053811 0.849156 0.7735072 0.6478723 0.4436164 0.4188648 0.3409118 0.207544 0.2464276 0.4291085 1.479977 2.570005 3.203716 3.262044 1.811474 0.3894153 0.1879766 0.08762296 0.03572389 0.04935838 0.06060684 0.03818302 0.08076014 0.01380775 0.1085041 0.9836904 1.736906 1.847672 1.685707 0.9091378 1.118585 0.6044924 1.078006 0.8835552 0.595499 1.243311 2.798256 2.498529 1.335924 0.7983773 1.166282 1.679269 1.336026 1.474023 0.6041455 0.4737127 0.7654571 0.6336893 0.5931555 1.252583 1.29947 1.359093 0.9017271 0.7892988 1.201983 2.026272 1.963677 1.822894 1.600125 1.151162
0.2453004 0.0226743 0.126366 0.1229623 0.5435315 1.092269 1.221464 0.8146403 0.5071416 0.717357 0.830613 0.5758978 0.3493611 0.5896063 0.6439599 0.4272073 0.5622713 0.6118684 0.4827338 0.4367438 0.4658697 0.7318573 1.336679 2.766084 4.279767 3.642166 1.266438 0.2070657 0.1001392 0.03760626 0.01900567 0.03612702 0.0439596 0.08541519 0.04590984 0.1790564 1.041485 1.398899 1.530883 1.351304 0.3708296 0.9386827 0.6840178 0.414449 0.8845075 0.182789 1.144081 2.720947 2.914484 1.785333 1.282501 0.6927739 0.8813654 0.5223394 0.8914691 0.3713533 0.4998317 0.7540178 0.7635691 0.709332 0.8439505 1.056656 1.874212 1.951396 1.578557 0.7627217 0.6097085 1.505359 1.592757 0.9690481 0.7163036
0.1133321 0.4471488 0.5749947 0.7338808 1.14718 1.641559 1.731865 1.247553 0.9599049 1.092491 0.9998932 0.7894355 0.6709447 0.7590669 0.7746114 0.5127661 0.4708732 0.6350062 0.6961269 0.4698056 0.4151654 0.2619202 0.17978 1.077966 3.4035 4.331135 1.997769 0.4773556 0.07147359 0.08740762 0.09736504 0.03285088 0.07959975 0.08318325 0.08421783 0.1938638 1.128771 1.703858 1.878752 1.237237 0.2495325 0.5919908 1.04352 0.7551281 0.968486 1.422906 0.9568286 2.178165 2.815874 1.280377 1.210405 0.4166027 0.7177176 0.5606915 0.7172245 0.1950172 0.5201505 0.8273151 1.046546 1.602829 1.941036 1.863585 1.372665 1.191462 1.617934 0.9982615 0.4797199 0.3814103 0.1155126 0.439144 0.8307278
0.5360202 0.8489816 0.7782231 0.9337467 0.9879087 1.237786 1.354755 0.845559 1.025248 1.142713 0.8368629 0.6202852 0.4834654 0.5669709 0.5461491 0.4251196 0.5124203 0.4816027 0.3708294 0.3604208 0.3721038 0.2743118 0.1725189 0.05816506 3.717844 4.815821 1.652467 0.5962938 0.05291966 0.0307316 0.124726 0.03108454 0.1526124 0.0847954 0.03771707 0.186882 1.10131 1.9403 1.951368 0.6870567 0.7969747 0.5857223 1.481723 0.6727717 0.6062802 1.267119 2.061685 2.933446 2.542104 1.105008 0.9488286 0.2665266 0.5239418 0.6696894 0.6824335 0.07117755 0.3123825 0.7606066 1.495314 2.352395 2.638077 1.899926 0.8934914 1.527567 1.555707 0.6318927 0.4017344 0.8096797 1.398219 1.751743 1.589315
0.8261129 0.7890707 0.154634 0.4547317 0.4577364 0.9522226 1.295004 0.7292259 0.7013494 0.525563 0.4496463 0.4582059 0.2958335 0.369757 0.3376136 0.2599667 0.3310005 0.3688628 0.3640424 0.4381074 0.3924637 0.2920443 0.2419913 0.1812889 4.695147 5.088752 0.5406314 0.8344787 1.18112 0.5762739 0.1437554 0.06178501 0.1021878 0.04888956 0.04850101 0.1873092 0.9223312 1.880413 2.06831 0.7814194 0.8676958 1.406576 1.511156 0.4328086 1.076524 0.2454917 0.4654048 2.197164 1.291334 0.7631492 0.5753143 0.4384777 0.4631189 0.7257686 0.6465368 0.2430033 0.4413131 1.039838 1.458395 1.411641 0.983822 1.492908 2.188016 1.616282 1.180548 0.1957276 0.5275193 0.6986625 1.528446 1.037591 0.6573062
