Data/morph/slope.asc
ncols         220
nrows         290
xllcorner     442500
yllcorner     5798500
cellsize      50
NODATA_value  -9999
[rows 155 to 185 of 290, columns 71 to 141 of 220]
0.3292635 0.6566128 0.9020838 0.3027942 3.510629 1.504369 2.493615 1.943204 1.370576 0.7117225 1.130175 1.791705 1.197406 0.5911657 2.654854 2.655968 0.8225663 0.6337413 0.4797676 0.2666624 0.6979795 0.1575935 1.941256 3.041233 1.245931 0.952063 0.8508855 0.9233483 0.8139933 0.6737247 0.5627763 0.3853112 0.7761565 0.9506442 0.563455 0.3322219 0.4689444 0.604414 0.5252903 0.3027631 0.3511097 0.5595664 0.8389603 0.2538164 0.3366771 -9999 -9999 -9999 -9999 -9999 -9999 -9999 -9999 -9999 -9999 -9999 -9999 -9999 -9999 -9999 -9999 -9999 -9999 -9999 -9999 -9999 -9999 -9999 -9999 -9999 -9999
0.925192 1.570247 1.76733 1.468804 3.297335 2.135913 2.85177 3.870313 3.459121 2.197165 0.9898489 1.101181 0.6884501 0.6809885 1.87009 3.146903 1.152804 0.9679112 1.556446 1.659588 1.578396 1.179449 1.452307 2.894609 1.319667 0.9702578 0.7813393 0.5666131 0.5219519 0.5849039 0.5420805 0.3045776 0.8078684 0.8991684 0.4758386 0.3059114 0.4729507 0.6849813 0.4722359 0.6031884 0.4595491 0.9092644 0.6778994 0.2585027 0.4102682 -9999 -9999 -9999 -9999 -9999 -9999 -9999 -9999 -9999 -9999 -9999 -9999 -9999 -9999 -9999 -9999 -9999 -9999 -9999 -9999 -9999 -9999 -9999 -9999 -9999 -9999
1.618105 2.496719 2.601815 2.762015 3.073616 2.044219 1.201854 2.250218 4.231738 5.132592 4.748428 2.94879 0.9368548 0.7949824 1.015619 2.752634 0.8397174 1.431525 1.881602 2.489239 2.768759 2.954698 2.367258 2.023365 0.7198731 1.263135 1.422958 0.9565589 0.5450272 0.5164804 0.454647 0.4473276 0.9003648 0.8262421 0.3556413 0.2858557 0.5231223 0.6334524 0.3031951 0.4902732 0.8896824 1.044584 0.646033 0.6523487 0.9283069 1.1529 -9999 -9999 -9999 -9999 -9999 -9999 -9999 -9999 -9999 -9999 -9999 -9999 -9999 -9999 -9999 -9999 -9999 -9999 -9999 -9999 -9999 -9999 -9999 -9999 -9999
1.733191 2.086035 1.628654 2.045889 0.9225197 1.265419 1.514741 0.6331655 2.164406 3.405678 4.950945 4.979908 1.962778 0.6629993 0.9159884 2.236652 0.3411781 1.769505 1.133034 0.9544714 0.9044299 0.9882553 1.334613 0.5989678 0.2456557 0.9220964 1.25443 1.756665 1.115729 0.8425218 0.9359187 1.516336 1.788112 1.646185 1.156716 0.819102 0.7773384 0.3131744 0.9755417 0.7378865 1.438207 1.30617 1.103036 1.139447 1.167749 1.395308 -9999 -9999 -9999 -9999 -9999 -9999 -9999 -9999 -9999 -9999 -9999 -9999 -9999 -9999 -9999 -9999 -9999 -9999 -9999 -9999 -9999 -9999 -9999 -9999 -9999
0.8657776 1.515484 0.9367965 0.3709743 1.332427 1.116399 2.597008 0.5340463 0.2966283 0.3500402 2.50648 5.161879 3.367079 0.5757707 0.9189476 1.666737 0.9445197 1.644278 0.7756709 0.2483989 0.4386284 0.8490649 1.780707 2.139113 1.507801 0.4665639 0.385392 1.132573 1.570202 1.419748 2.090692 2.795223 2.752895 2.433748 2.372692 2.518589 2.35623 1.583017 1.384945 1.151277 2.080839 1.893483 1.20488 0.8584478 0.5134556 0.5729371 0.8419842 -9999 -9999 -9999 -9999 -9999 -9999 -9999 -9999 -9999 -9999 -9999 -9999 -9999 -9999 -9999 -9999 -9999 -9999 -9999 -9999 -9999 -9999 -9999 -9999
0.943852 1.60758 1.866476 0.9028304 1.363946 2.078537 2.632883 0.3276829 0.1763163 0.2085052 0.9151252 4.501431 4.665983 0.8000737 1.280302 1.118928 1.110375 1.346121 0.2785498 0.1541578 0.522084 0.5230519 1.833607 1.149118 2.050041 0.69572 0.3263846 0.2281602 0.6304003 1.232116 2.256992 1.577297 0.5142999 0.5480202 0.1073615 1.25496 2.602808 2.363805 1.263255 1.163448 2.483826 3.304187 2.889866 1.897811 0.9625688 0.5759025 0.4355763 -9999 -9999 -9999 -9999 -9999 -9999 -9999 -9999 -9999 -9999 -9999 -9999 -9999 -9999 -9999 -9999 -9999 -9999 -9999 -9999 -9999 -9999 -9999 -9999
1.084746 1.136322 1.702951 2.030021 1.584586 1.912847 1.13515 0.01510236 0.09189743 0.2547385 0.4378767 3.870259 5.030788 1.455438 1.54936 0.4919712 1.484207 0.8718905 0.7899607 0.641302 0.4400943 0.2846438 1.804092 2.364881 1.320894 0.7025648 1.177234 0.7294796 0.4676858 0.6514394 1.567574 0.374128 2.279277 2.129925 2.163946 1.867694 0.8779795 1.011282 0.6041898 0.2799154 1.444605 2.776891 3.050651 2.108696 2.061183 2.395638 2.375674 -9999 -9999 -9999 -9999 -9999 -9999 -9999 -9999 -9999 -9999 -9999 -9999 -9999 -9999 -9999 -9999 -9999 -9999 -9999 -9999 -9999 -9999 -9999 -9999
1.348239 0.624062 1.686068 2.505652 1.917309 0.7169971 0.6441633 0.5312915 0.2604429 0.3165463 0.286017 3.036043 4.779934 1.383663 1.646829 0.8938454 1.134884 0.6337914 0.5245056 0.3879304 0.3314256 0.6435457 1.0079 1.648777 1.161095 0.7768999 0.5895696 0.9560775 0.6666467 0.6991681 1.189937 0.9895328 2.0151 0.3191983 0.4390892 1.252816 1.645119 1.352832 0.8753645 0.6656461 1.104427 2.433586 3.931966 3.352293 2.677298 1.7689 1.017775 -9999 -9999 -9999 -9999 -9999 -9999 -9999 -9999 -9999 -9999 -9999 -9999 -9999 -9999 -9999 -9999 -9999 -9999 -9999 -9999 -9999 -9999 -9999 -9999
2.896767 2.966334 2.356167 1.052836 2.099065 2.0613 1.826241 2.001297 1.627369 0.8122312 0.2138029 2.321067 4.595353 1.548679 1.619068 2.070866 0.7435268 0.2397771 0.3111274 0.3210004 0.2975064 1.005898 0.9302529 0.7977102 1.331745 1.000928 0.3915045 0.2294719 0.5872792 0.9915221 0.6871397 1.455711 1.710139 0.5474259 0.7956273 0.9604177 1.007132 0.8296262 0.5148684 0.4616011 0.9519339 1.734987 2.952101 3.042847 2.133551 0.9492655 0.2636538 0.1153813 -9999 -9999 -9999 -9999 -9999 -9999 -9999 -9999 -9999 -9999 -9999 -9999 -9999 -9999 -9999 -9999 -9999 -9999 -9999 -9999 -9999 -9999 -9999
3.087167 3.294571 2.414088 1.40939 1.129434 1.824458 1.612266 1.455022 1.995428 0.9738234 0.2230048 1.301356 3.767384 3.236234 2.644959 3.414822 1.49322 0.3227558 0.03538315 0.1556308 0.2903764 0.8568491 0.6796755 0.7674722 1.153383 0.7262892 0.5341575 0.7954871 1.267545 0.9801869 0.731215 2.176543 2.014969 1.380721 1.180458 1.012176 1.124336 1.269535 1.118341 0.5306573 0.3590327 1.292054 2.736561 3.824497 3.073122 1.126912 0.3620031 -9999 -9999 -9999 -9999 -9999 -9999 -9999 -9999 -9999 -9999 -9999 -9999 -9999 -9999 -9999 -9999 -9999 -9999 -9999 -9999 -9999 -9999 -9999 -9999
1.953651 1.003684 0.7623268 2.291538 1.089502 1.281816 1.314219 1.952667 2.176993 0.7290619 0.1279195 0.5356525 1.74586 2.429668 2.450052 4.057174 3.843282 1.089366 0.3415298 0.4044669 0.4719808 0.6313043 0.3351997 0.9332426 1.067675 0.8178072 0.934603 1.261724 1.255103 1.002921 1.840579 2.112202 1.419546 0.504256 0.2053804 0.1160019 0.2318347 0.4666945 0.7876435 0.7521185 0.440531 0.2912555 1.905459 3.831248 3.725545 1.481869 -9999 -9999 -9999 -9999 -9999 -9999 -9999 -9999 -9999 -9999 -9999 -9999 -9999 -9999 -9999 -9999 -9999 -9999 -9999 -9999 -9999 -9999 -9999 -9999 -9999
1.775295 1.286979 1.589976 0.6988322 2.044899 1.603465 2.18098 1.786103 1.14723 0.2179158 0.1572653 0.2060064 0.2438528 0.3869599 0.5446404 1.861992 4.104468 3.684485 1.501837 0.7230469 0.8078812 0.7898007 0.6840577 1.023091 0.9006068 0.8871897 1.014906 1.144659 0.9513165 0.9142973 2.08824 2.206254 1.649438 0.6630595 0.5073778 0.4426962 0.4688841 0.3800366 0.3111854 0.4543562 0.4570842 0.5585327 2.034343 3.66546 3.34743 1.661514 0.3881435 -9999 -9999 -9999 -9999 -9999 -9999 -9999 -9999 -9999 -9999 -9999 -9999 -9999 -9999 -9999 -9999 -9999 -9999 -9999 -9999 -9999 -9999 -9999 -9999
1.412352 1.995628 2.320841 2.209769 1.247658 0.392599 2.579412 1.0543 0.1287006 1.074319 2.192773 2.169539 1.097869 0.4720023 0.4180441 1.387378 1.280199 2.252496 3.028741 1.348904 0.8497865 0.854772 0.8775845 0.9482839 0.6982688 0.8492923 0.9616264 0.8963956 0.8843641 0.9106774 1.872476 1.823182 1.646166 0.6442626 0.5029676 0.454634 0.4493766 0.4415299 0.3760643 0.4568516 0.08944885 0.9996405 2.031053 2.991566 2.718723 1.738225 0.5566431 -9999 -9999 -9999 -9999 -9999 -9999 -9999 -9999 -9999 -9999 -9999 -9999 -9999 -9999 -9999 -9999 -9999 -9999 -9999 -9999 -9999 -9999 -9999 -9999
2.166315 2.719523 1.109509 2.705584 1.814567 1.798376 2.645889 3.305944 3.069323 2.954483 2.561576 2.418806 2.726782 1.824531 0.8227814 2.321372 1.671123 1.089396 2.433317 2.259856 0.7653493 0.9258215 0.9960756 0.8656373 0.6404884 0.74182 0.9623985 0.7170504 0.5449803 0.4905093 2.029408 2.041872 1.237194 0.532502 0.4080438 0.4451809 0.3214457 0.3110573 0.2660792 0.2885329 0.3403056 1.003682 1.618509 2.418004 2.537423 2.043772 -9999 -9999 -9999 -9999 -9999 -9999 -9999 -9999 -9999 -9999 -9999 -9999 -9999 -9999 -9999 -9999 -9999 -9999 -9999 -9999 -9999 -9999 -9999 -9999 -9999
2.055601 0.9967769 0.2245207 1.025128 1.854169 1.84901 1.61466 2.666621 3.090837 2.2521 0.9657218 0.7263682 1.779384 2.28281 1.523398 2.127523 0.7281765 1.929386 0.9198452 2.751816 1.321258 0.9531536 0.7407507 0.5078989 0.2095099 0.4411361 0.9992406 0.6341625 0.2438614 0.3333086 1.707675 2.872226 1.539729 0.5960186 0.3592209 0.4518832 0.2486367 0.2304903 0.2152341 0.2156137 0.4968226 0.8329565 1.376418 2.120277 -9999 -9999 -9999 -9999 -9999 -9999 -9999 -9999 -9999 -9999 -9999 -9999 -9999 -9999 -9999 -9999 -9999 -9999 -9999 -9999 -9999 -9999 -9999 -9999 -9999 -9999 -9999
0.4008038 0.4991685 0.3840973 0.0953239 0.07297135 0.2385379 0.2855862 0.2879703 0.3814159 0.5721747 0.5741538 0.5229163 0.3637383 1.351703 0.5644568 0.997098 0.7291322 1.149127 0.4574158 1.690302 1.872603 1.022571 0.3352029 0.1309628 0.3679269 0.5307279 1.244445 0.873602 0.4020838 0.8370167 0.3836023 2.708324 2.331753 0.8864475 0.4920707 0.6105923 0.3590448 0.1990341 0.1264917 0.148712 0.4617531 0.6742933 1.025424 -9999 -9999 -9999 -9999 -9999 -9999 -9999 -9999 -9999 -9999 -9999 -9999 -9999 -9999 -9999 -9999 -9999 -9999 -9999 -9999 -9999 -9999 -9999 -9999 -9999 -9999 -9999 -9999
0.7608492 0.9892471 0.8401126 0.2026791 0.08117269 0.1914606 0.4594944 0.4325148 0.7173651 0.275306 0.1384366 0.1838419 0.6647539 1.092541 0.3258972 0.3902956 0.6745861 0.4275843 1.368289 0.8038789 1.01443 1.453095 0.7321749 0.3065197 0.60785 0.4257807 1.172417 1.079771 0.8176477 1.11351 0.7374465 1.914613 2.699746 1.59608 0.7795589 0.6742821 0.5809407 0.2347815 0.1397321 0.2542774 0.2780699 0.4259306 0.6072165 -9999 -9999 -9999 -9999 -9999 -9999 -9999 -9999 -9999 -9999 -9999 -9999 -9999 -9999 -9999 -9999 -9999 -9999 -9999 -9999 -9999 -9999 -9999 -9999 -9999 -9999 -9999 -9999
1.1257 1.213829 0.8280683 0.1889831 1.232018 2.112398 2.176218 1.10893 0.5792547 0.3150885 0.2435597 0.2609701 0.6565894 0.9862746 0.349721 0.1819883 0.565025 1.312102 1.18025 2.132799 1.864775 0.9415549 0.9522001 0.7209194 0.6859642 0.2465498 0.7650948 0.7892497 0.7212679 1.38417 1.174827 0.9396887 2.099234 1.917524 1.151698 0.9591938 0.9217542 0.3751446 0.3445216 0.4391779 0.4147149 0.2503881 0.1684036 -9999 -9999 -9999 -9999 -9999 -9999 -9999 -9999 -9999 -9999 -9999 -9999 -9999 -9999 -9999 -9999 -9999 -9999 -9999 -9999 -9999 -9999 -9999 -9999 -9999 -9999 -9999 -9999
0.4424988 1.747946 0.5184094 0.1648198 1.505255 0.8151094 1.330369 0.5922047 0.3898568 0.5103099 0.3822083 0.4088068 0.2322673 0.9724142 0.5276269 0.2272463 0.861613 1.485783 1.041267 0.9852905 1.718633 1.681505 0.2755287 1.464371 1.407122 0.4837212 0.2454309 0.5528094 0.8458658 1.733802 1.402892 0.3251089 1.363382 1.825132 1.102826 1.732632 1.751746 0.3620609 0.3278656 0.3385304 0.3585268 0.3449062 -9999 -9999 -9999 -9999 -9999 -9999 -9999 -9999 -9999 -9999 -9999 -9999 -9999 -9999 -9999 -9999 -9999 -9999 -9999 -9999 -9999 -9999 -9999 -9999 -9999 -9999 -9999 -9999 -9999
0.9580476 1.026543 0.3588032 0.3500456 0.7958437 1.68236 1.280371 0.02119063 0.9545165 1.33104 0.9167911 0.398845 0.4600991 1.143942 1.125954 0.7814793 1.211023 1.201522 1.171352 0.5798132 0.6702534 1.253353 0.7867281 0.4930601 1.881727 2.033107 0.8732312 0.3253863 0.9572025 2.006791 1.47292 0.4538712 1.053396 1.925644 1.292161 1.930935 2.379723 0.4144213 0.4131871 0.2891585 0.2263991 0.2902741 -9999 -9999 -9999 -9999 -9999 -9999 -9999 -9999 -9999 -9999 -9999 -9999 -9999 -9999 -9999 -9999 -9999 -9999 -9999 -9999 -9999 -9999 -9999 -9999 -9999 -9999 -9999 -9999 -9999
1.360098 1.317467 0.6392445 0.2601506 0.2486893 0.2759017 0.5628104 0.7833855 1.519432 1.318856 1.487921 0.4497014 0.3930902 0.6827492 0.976449 0.9689916 1.107201 0.9052573 1.294182 0.4535795 1.546201 0.9363669 0.6444455 1.408754 1.051909 1.442463 2.271775 2.306706 2.411476 1.814486 0.703956 0.1272843 0.5864488 1.343861 1.682814 2.585197 2.009798 0.7476014 -9999 -9999 -9999 0.1118888 -9999 -9999 -9999 -9999 -9999 -9999 -9999 -9999 -9999 -9999 -9999 -9999 -9999 -9999 -9999 -9999 -9999 -9999 -9999 -9999 -9999 -9999 -9999 -9999 -9999 -9999 -9999 -9999 -9999
0.8030652 1.296608 0.6616618 0.1730449 0.2075942 0.4019103 0.8088594 0.8054227 1.312484 0.4649304 1.632806 0.2756882 0.3815453 0.7060626 1.239272 1.578262 1.284908 0.9307538 0.6834618 1.097861 0.3891261 1.154802 1.189412 0.7231618 2.111746 1.507164 0.9880471 1.670398 0.5079963 0.7203493 0.919674 0.5106098 0.1862229 0.4733994 2.095305 2.724029 1.381834 0.9585468 -9999 -9999 -9999 -9999 -9999 -9999 -9999 -9999 -9999 -9999 -9999 -9999 -9999 -9999 -9999 -9999 -9999 -9999 -9999 -9999 -9999 -9999 -9999 -9999 -9999 -9999 -9999 -9999 -9999 -9999 -9999 -9999 -9999
1.128004 1.25243 0.3716269 0.3899034 0.5748485 0.8918841 1.049888 0.6236756 0.6665477 0.7416865 1.553044 0.6878201 0.5141104 0.5388305 0.8789629 1.334401 1.26969 0.831496 0.5135569 0.1409435 1.1519 0.6626439 0.4861611 0.4346 0.791458 2.228802 2.350095 1.656473 2.237076 1.824842 1.581262 1.185161 1.101059 1.111253 2.360128 2.505652 0.971233 0.3089149 0.2050858 -9999 -9999 -9999 -9999 -9999 -9999 -9999 -9999 -9999 -9999 -9999 -9999 -9999 -9999 -9999 -9999 -9999 -9999 -9999 -9999 -9999 -9999 -9999 -9999 -9999 -9999 -9999 -9999 -9999 -9999 -9999 -9999
0.5025576 0.3879602 0.4751766 0.8330438 0.8963636 0.7736695 0.4176905 0.36067 0.8615091 0.9678217 1.003659 0.4990007 0.4594931 0.7315738 0.9665714 0.8348345 0.2388571 0.4357343 0.4884646 1.094138 0.7965812 0.09433934 0.2510709 0.2511293 0.1094647 0.7831208 2.062156 2.444147 2.399257 1.892058 2.417182 2.484204 2.259815 2.129036 2.710959 2.076199 0.5704041 0.253471 0.5178393 -9999 -9999 -9999 -9999 -9999 -9999 -9999 -9999 -9999 -9999 -9999 -9999 -9999 -9999 -9999 -9999 -9999 -9999 -9999 -9999 -9999 -9999 -9999 -9999 -9999 -9999 -9999 -9999 -9999 -9999 -9999 -9999
1.150584 1.219275 1.239633 0.9718081 0.682412 0.3040074 0.1946713 0.6824393 0.6818563 0.5189245 0.3948583 1.30228 1.520224 1.30579 0.5845259 1.069112 1.953745 1.116398 0.6858339 0.3180943 0.09631208 0.1861426 0.188214 0.2086555 0.1939958 0.07234761 0.4291633 1.036668 1.438207 1.634072 2.334948 2.895715 3.336808 3.374837 2.601526 1.803961 1.580991 1.677547 1.252061 -9999 -9999 -9999 -9999 -9999 -9999 -9999 -9999 -9999 -9999 -9999 -9999 -9999 -9999 -9999 -9999 -9999 -9999 -9999 -9999 -9999 -9999 -9999 -9999 -9999 -9999 -9999 -9999 -9999 -9999 -9999 -9999
1.556262 1.560499 1.102272 0.5845619 0.4483271 0.3619241 0.3941149 0.5055589 0.4290704 0.1747605 0.9474744 0.6335715 1.471897 2.03505 1.867324 1.486064 0.1622105 1.777548 0.5564159 0.1204373 0.3080751 0.4074497 0.418705 0.2379498 0.2269818 0.1825011 0.2292463 0.7763314 1.175057 0.9368622 1.062367 1.98467 3.042172 2.877353 1.50592 1.878513 2.547229 2.437668 1.504106 0.5096921 -9999 -9999 -9999 -9999 -9999 -9999 -9999 -9999 -9999 -9999 -9999 -9999 -9999 -9999 -9999 -9999 -9999 -9999 -9999 -9999 -9999 -9999 -9999 -9999 -9999 -9999 -9999 -9999 -9999 -9999 -9999
0.5135236 0.4104671 0.4616392 0.4069392 0.5459549 0.6556007 0.512278 0.3168897 0.4804134 0.5940011 1.061154 1.860252 0.6680599 0.876667 0.9942197 0.7385997 1.504444 1.117973 0.3035684 0.3824384 0.3817642 0.2282134 0.3991469 0.3866356 0.3454992 0.3253868 0.2837118 0.7275951 1.231045 1.088053 1.110523 1.248296 0.9028359 -9999 -9999 -9999 -9999 -9999 -9999 -9999 -9999 -9999 -9999 -9999 -9999 -9999 -9999 -9999 -9999 -9999 -9999 -9999 -9999 -9999 -9999 -9999 -9999 -9999 -9999 -9999 -9999 -9999 -9999 -9999 -9999 -9999 -9999 -9999 -9999 -9999 -9999
1.117482 1.25846 1.079954 0.9196025 1.004056 0.8119408 0.3598993 0.1564941 0.5119467 0.7065458 0.2997217 0.8718866 1.225626 1.06485 1.455244 0.9618515 0.3049335 0.1584057 0.3009455 0.3524022 0.1387603 0.2427939 0.159565 0.3062015 0.4422018 0.4884605 0.4565362 0.6821032 1.276955 1.538169 1.309153 1.107684 1.331921 -9999 -9999 -9999 -9999 -9999 -9999 -9999 -9999 -9999 -9999 -9999 -9999 -9999 -9999 -9999 -9999 -9999 -9999 -9999 -9999 -9999 -9999 -9999 -9999 -9999 -9999 -9999 -9999 -9999 -9999 -9999 -9999 -9999 -9999 -9999 -9999 -9999 -9999
0.9166452 0.9089064 0.6791912 0.7017708 0.7257419 0.2870253 0.1738808 0.06357777 0.4981284 0.6085147 0.388846 0.4267815 0.6115007 0.3061078 1.309042 1.347496 0.666128 0.2725678 0.3158422 0.292035 0.2472091 0.294093 0.2368967 0.242671 0.389848 0.5346522 0.5578905 0.5688185 1.075128 1.521959 1.814753 1.906751 1.743463 1.163035 -9999 -9999 -9999 -9999 -9999 -9999 -9999 -9999 -9999 -9999 -9999 -9999 -9999 -9999 -9999 -9999 -9999 -9999 -9999 -9999 -9999 -9999 -9999 -9999 -9999 -9999 -9999 -9999 -9999 -9999 -9999 -9999 -9999 -9999 -9999 -9999 -9999
0.4953877 0.5268472 0.2225963 0.3362102 0.3108386 0.2139043 0.3625302 0.2847371 0.531355 0.5814584 0.5131106 0.4414702 0.4745995 0.3893 0.4638623 1.165796 0.8032252 0.3485026 0.2801996 0.2108258 0.2758038 0.2585937 0.2537182 0.2853642 0.3378331 0.416794 0.5076676 0.5541238 0.7999397 1.042644 1.356974 1.52268 1.484449 1.345074 0.8605897 -9999 -9999 -9999 -9999 -9999 -9999 -9999 -9999 -9999 -9999 -9999 -9999 -9999 -9999 -9999 -9999 -9999 -9999 -9999 -9999 -9999 -9999 -9999 -9999 -9999 -9999 -9999 -9999 -9999 -9999 -9999 -9999 -9999 -9999 -9999 -9999
0.4612845 0.2597425 0.1133949 0.4456467 0.4151826 0.5838512 0.6638876 0.7003523 0.8304834 0.6756445 0.4972777 0.4700277 0.5725235 0.228634 0.5588446 0.9167543 0.5016738 0.365903 0.2901505 0.2424015 0.3222567 0.3241207 0.3010639 0.3162385 0.3001755 0.2867748 0.4535356 0.4267318 0.5078382 0.6383289 0.6956202 0.7639338 0.6848197 0.7006916 0.6535951 -9999 -9999 -9999 -9999 -9999 -9999 -9999 -9999 -9999 -9999 -9999 -9999 -9999 -9999 -9999 -9999 -9999 -9999 -9999 -9999 -9999 -9999 -9999 -9999 -9999 -9999 -9999 -9999 -9999 -9999 -9999 -9999 -9999 -9999 -9999 -9999
